100
0 0 1 2 3 4 5 2944 7 138 12 13 14 16 1809 22 29 6303 929 37 554 4266 944 2108 450 68 2384 6354 467 4189 869 232 3689 115 255
1 0 1 2 3 4 5 6 131 8 1288 9 2571 12 139 142 16 408 25 33 422 4134 3772 321 196 3400 201 968 75 2128 9174 2398 7651 114
2 0 1 2 3 7 8 10 11 14 17 26 283 28 29 5789 679 426 1070 7860 191 2367 1857 585 1866 75 1738 1737 338 355 237 111 112 9584 885 1021 1279
3 0 1 2 3 4 5 6 3969 645 9 1291 17 19 276 24 32 33 40 46 441 58 187 62 725 87 6239 488 113 127
4 0 1 1153 2 4 5 6 7 3 8 14 15 18 20 917 25 26 36 38 444 1085 1734 7752 344 7260 484 8166 2027 107 239 115 247 252 7679
5 0 1 2 3 4 5 7 647 138 11 14 15 8080 17 20 537 6554 8480 33 3878 934 41 45 559 821 182 1461 197 73 2763 82 345 93 116 245
6 0 1 1410 3 129 2 5 7 8 138 395 3724 141 16 18 19 404 9749 22 37 44 3756 174 175 4529 50 7484 64 72 2638 80 728 2264 222 1502 867 100 869 5117
7 0 1 2 3 1665 5 902 6 8 9 1029 7 12 901 14 1039 8719 1290 18 154 28 31 36 38 168 41 2989 45 54 67 71 7624 977 725 5974 3935 234 494 116
8 0 1 2 3 5 6 9 1290 11 12 3725 14 17 19 921 35 39 3626 46 49 4535 58 703 65 67 3666 1495 91 233 749 110 113 1780 378 892
9 0 1 2 3 4 2566 7 11 16 18 19 24 155 2335 160 675 36 44 46 3516 573 69 3530 76 5068 86 101 239 246 120 254
10 0 1 2 3 4 6 11 14 16 660 28 159 31 4642 803 4387 5667 549 7726 182 60 63 711 6868 94 95 609 227 105 878 370 5747 2420 2034
11 0 1 2 3 4 5 261 519 7 9 10 137 3975 401 18 24 154 799 31 418 1320 59 197 326 709 337 1366 2136 91 4455 1271
12 0 1 2 3 4 389 5 6 8 393 7 11 256 10 138 15 16 18 23 29 1310 1061 1575 45 1199 1969 52 1972 199 1867 87 1112 2153 623 368 113 498 1263 383
13 0 1 2 1924 5 4 7 136 9 6 8 12 138 15 16 17 919 24 26 7322 29 165 37 41 51 60 63 1869 1229 2384 852 2264 230 5482 8687 505
14 0 1 2 3 4 5 8 137 2316 141 3471 16 4371 22 27 30 31 805 1575 552 435 51 3514 64 580 68 72 2506 3929 478 356 101 243 381 254
15 0 1 2 3 4 5 6 7 2952 8 9 11 12 13 14 15 274 19 20 21 22 24 549 37 41 297 44 1581 172 301 9907 54 2491 2763 977 85 90 96 618 107 1263 1272 3198
16 0 1 2 3 4 5 6 263 9 11 12 15 1298 19 24 1438 164 944 49 3636 2746 443 60 61 1986 8262 725 88 364 367 113 755 888 2812 126
17 0 1 2 3 4 5 6 7 135 4738 10 9 12 13 8 15 144 18 19 789 26 48 50 57 186 63 333 92 108 6257 242 1022
18 0 1 2 3 4 5 6 9 138 5006 15 399 17 18 270 28 31 801 290 6691 36 40 554 4267 301 176 49 60 70 454 583 601 862 98 1010
19 0 1 2 3 4 5 6 7 8 13 141 1428 21 22 23 28 29 33 1572 37 9512 299 176 311 3001 61 62 831 68 708 74 203 4310 95 482 99 5478 240 2546 1142
20 0 1 2 3 4 5 6 7 9 11 16 17 21 282 4635 155 39 941 59 318 63 4803 69 328 201 204 77 93 1632 738 104 3052 4469 9087
21 0 1 2 3 4 771 5 7 6 8 138 10 3849 13 399 15 3475 917 4247 27 28 31 32 35 37 552 45 4912 49 52 61 577 4547 2381 3550 106 1015 120
22 0 1 2 3 5 6 7 8 1158 10 9 13 18 279 24 25 27 36 5926 180 1461 53 65 709 1737 463 3156 2264 608 233 617 369 500 886 7161
23 0 1 2 4 6 12 13 16 530 19 154 26 32 160 4651 49 1076 56 64 4291 579 70 2502 200 201 9161 583 2382 599 355 228 5227 1387
24 0 1 2 3 4 5 6 7 262 8 138 11 148 279 27 6432 168 41 426 2990 52 309 64 68 7493 606 98 5618 243 4471 379 1148
25 0 1 2 3 4225 5 7 8 9 10 141 143 16 15 405 22 29 30 33 37 553 48 327 7242 1743 80 464 2770 2007 4311 215 728 95 98
26 0 1 2 3 4 5 133 7 135 8 6 10 140 16 1425 275 24 28 2591 1056 161 933 806 1958 60 445 69 849 87 600 1257 874 108 496 240 1912 122
27 0 1 2 3 4 901 6 7 8 136 5 11 10 13 7056 145 21 405 23 26 155 287 37 2475 49 56 7866 1468 3649 2627 709 204 206 80 1887 366
28 0 1 2 3 4 5 6 7 9 1675 11 20 1557 5526 24 665 4765 32 33 35 167 7723 558 1585 1721 700 2622 448 194 71 99 9595
29 0 1 2 3 4 5 130 7 9479 9 128 4867 12 8 142 6 16 2321 23 24 25 681 41 436 308 58 2491 584 80 83 861 606
30 0 1 2 3 5 6 7 8 9 13 8334 6926 16 17 18 531 918 22 27 30 159 31 32 290 550 4911 56 59 4420 708 583 74 5450 719 2386 223 1253 106 624
31 0 1 2 3 4 5 6 7 8 9 12 19 147 8982 8473 667 1328 176 449 580 71 7624 2771 4439 2400 98 2789 239 116 9848 124 126
32 0 1 2 3 4 5 6 7 8 9 3849 651 11 3599 16 18 4884 22 5656 667 1563 5415 3761 691 2364 444 194 967 206 208 476 221 7264 97 102 115 3071
33 0 1 2 3 4 130 5 7 8 10 138 15 17 151 282 31 802 2339 37 806 1959 303 53 1088 72 81 341 5078 216 89 3292 6628 232 110 7918
34 0 1 128 3 4 5 6 134 8 6656 141 789 6166 1687 24 923 163 38 46 3248 2868 309 437 2615 54 68 708 74 78 84 2142 487 620 251
35 0 1 2 3 4 6 263 8 10 12 13 14 3215 15 18 20 405 22 21 24 25 43 686 307 696 57 5823 855 349 98 2148 1395 119
36 0 1 2 131 4 5 6 3 130 2181 522 525 3600 22 1047 151 412 159 291 41 554 3115 58 61 318 195 199 2890 721 849 84 725 729 220 237 114 3447
37 0 1 2 3 4 5 6 904 8 10 13 15 16 401 23 25 27 30 3358 2208 548 174 687 48 7984 312 583 86 728 347 92 1372 859 1638 104 362
38 0 1 2 3 5 6 8 9354 15 7311 146 915 3220 24 25 3097 30 1958 43 47 50 51 57 60 573 63 583 74 846 81 215 1779 118
39 0 1 2 3 4 387 5 7 1671 1929 11 14 20 21 1051 1179 1695 160 3233 547 175 2095 50 51 55 208 1746 212 213 214 3045 630
40 0 1 2 3 6 7 9 11 14 527 16 15 18 23 152 24 154 295 943 560 438 697 66 71 80 2772 1624 7899 9825 99 2153 110 126
41 0 1 2 3 4 5 134 6 8 11 140 16 283 798 31 38 40 424 9770 43 49 53 199 202 87 481 5985 1635 125
42 0 641 2 1 4 4354 3 5 8 6 2178 1290 13 535 25 4508 34 1188 40 3624 42 176 52 64 5187 4424 74 334 247 861 9824 7031 120
43 0 1 2 3 4 8 10 11 16 17 23 25 26 5658 1572 1965 184 320 2501 586 461 77 1619 3030 1495 7770 226 1382 127
44 0 1 2 3 2179 5 7 8 11 12 14 15 16 147 148 277 22 6937 2841 158 31 4127 3870 162 3490 1310 428 47 303 187 60 62 191 966 6224 7252 216 732 98 490 117
45 0 1 2 4 645 5 7 9 10 11 12 14 16 19 20 6038 32 1571 46 2486 184 569 3898 59 64 68 1093 2381 78 79 112 113 6261
46 0 1 2 3 4 5 6 129 389 9 10 11 12 14 15 18 152 27 158 31 8743 1576 552 52 57 65 1091 69 71 968 583 1098 83 6869 8151 98 7406 6397
47 0 1 2 3 6 3975 8 9 12 15 16 3476 3348 23 28 7202 37 299 43 45 48 52 54 3767 58 68 70 583 8909 8912 1109 217 474 623 112 3067
48 0 1 2 3 2179 4 5 258 6 9 10 12 13 14 16 17 3730 28 43 45 54 56 321 968 79 3292 1254 874 1901 111 1906
49 0 1 2 3 1028 5 4 1671 8 9 145 20 6165 924 284 4260 5163 1452 48 6450 2741 1975 72 586 4557 3675 93 1759 98 5233 1266
50 0 1 2 3 4 5 6 7 8 9 11 13 16 21 3097 29 287 32 162 34 164 168 56 65 67 9412 199 200 2377 968 4309 472 4701 5603 112 1402
51 0 1 2 3 5 6 138 1035 780 12 14 20 155 284 1063 297 180 185 2620 9165 81 4946 468 345 93 225 487 1383 493 127
52 0 1 2 3 4 5 6 7 8 9 10 651 268 269 134 34 36 293 3620 39 46 55 1350 1228 336 6402 85 8050 120 761
53 0 129 2 1 3 5 4 7 8 9 10 6 12 14 16 17 18 665 26 27 155 30 39 40 3369 941 3894 65 2377 1869 3406 467 4055 5603 5860 8423 361 2153 1004 876 112 4977 120
54 0 1 2 3 4 6 7 9 10 138 14 16 2580 23 24 155 2848 290 4259 163 1191 424 681 48 440 3000 68 583 204 80 1107 214 1495 731 355 869 3054 8176 2426 127
55 0 1 258 3 2 5 6 7 8 1155 10 9 12 138 15 656 145 18 19 20 7701 22 21 797 30 165 166 554 43 175 58 829 967 1225 1737 77 83 97 867 238 2033 113 127
56 0 1 2 3 4 5 6 8 2570 10 17 401 19 789 2072 25 24 31 34 675 49 52 950 183 3011 968 78 472 99 1129 8558
57 0 1 2 4 5 6 7 134 9 10 138 653 14 16 17 19 532 21 28 930 35 36 41 430 55 2747 60 62 191 195 74 78 1622 86 89 2653 352 9577 1263 118
58 0 1 2 3 128 5 6 903 8 909 14 526 9872 16 20 21 22 27 32 41 170 43 46 174 51 54 192 68 7123 87 355 361 107 117
59 0 1 2 3 4 5 6 7 8450 12 2188 13 14 150 152 25 923 27 169 554 43 684 2736 1334 183 55 57 188 325 1098 6357 86 733 736 6882 873 621 878 6135 763
60 0 1 2 3 4 5 6 7 7559 3849 6670 9230 144 1041 20 4374 9495 25 26 28 6304 35 8868 42 170 300 48 2610 5428 61 708 71 6729 121 98 482 6381 505 766
61 0 1 2 4 5 6 134 7 9 10 140 534 27 1056 36 170 43 47 3888 51 52 183 579 67 81 82 83 731 93 102 110 2165
62 0 1 2 3 4 5 6 7559 7 2948 13 14 2191 142 1167 17 15 22 27 29 158 3754 692 3640 576 328 203 333 1233 2389 476 865 6502 367 1135 120
63 0 1 2 3 5 11 9486 14 17 20 3097 27 6428 28 33 35 41 1321 298 559 177 183 55 316 5313 451 68 208 466 84 1624 859 101 1131 110 3054 499 1652
64 0 1 2 3 4 5 8 9 12 13 15 17 22 7833 25 794 35 5415 43 174 46 47 48 200 80 6611 84 2401 869 117 633 126
65 0 1 2 1922 4 5 6 7 9 10 11 138 14 16 3986 1427 20 19 35 37 40 176 50 1981 64 71 74 464 90 97 231 235 1003 241 113 9334 252
66 0 1 2 3 4 5 7 9 10 138 12 14 18 3097 291 38 4775 40 4654 435 3767 56 832 72 844 79 214 3545 2138 349 224 1506 739 1260 112 118 249 4347 7677
67 0 1 2 3 4 5 7 9 3853 3213 16 17 659 20 1174 8728 7320 795 1947 27 5921 35 423 47 54 186 61 67 68 3401 1226 342 92 7007 3554 98 115 2424 123
68 0 1 3 4 9219 5 8 138 12 14 15 7055 18 146 153 7451 27 1310 51 63 64 5445 72 1482 1229 333 85 342 93 1502 1250 227 111 242 371 122 5245 126
69 0 1 2 3 5 6662 6 778 11 14 911 3215 401 17 148 29 2207 33 2725 37 1193 3247 48 50 53 187 60 63 65 329 8270 8271 850 479 1759 229 109
70 0 1 2 4 5 8 10 13 16 18 2454 3097 29 2848 34 37 47 184 59 60 966 79 4304 855 90 1501 93 504 507 6269 254
71 0 1 2 3 4 5 1032 136 778 10 8 9 14 16 18 25 27 34 43 3117 440 701 709 467 2647 727 479 4705 5091 3563 111 623 501 117 1912
72 0 1 2 3 4 7 1032 264 16 23 2328 25 155 32 34 4132 168 681 688 60 6845 192 7241 458 79 1116 96 6121 106 366
73 0 1 2 3 4 5 1542 6 8 11 267 12 14 139 2579 9880 26 29 35 38 41 1963 3122 50 52 1077 55 6337 66 9539 73 1360 487 111 2033 2300
74 0 1 2 4 6 263 8 10 11 14 1934 18 19 2453 795 3229 35 39 936 554 7470 310 708 581 4421 458 330 1484 5710 89 730 100 485 6005
75 0 1 2 1283 4 5 6 3 3976 7 10 3971 14 15 16 19 24 9755 28 27 30 155 32 33 50 69 582 2642 84 469 85 89 479 608 482 999 121 4476
76 0 1 2 6402 4 390 7 777 10 1675 12 11 2446 138 20 148 24 36 42 5168 56 66 452 7749 72 86 4061 733 94 4588 113 2419 4345
77 0 1 2 4 6 7 8 9 10 16 17 20 23 24 31 554 6188 46 48 49 1202 52 56 1215 320 453 712 5463 2648 1114 224 229 1127 115 244 2933
78 0 1 2 3 4 5 6 8 138 12 13 2190 146 22 30 5280 32 802 162 806 39 7978 44 46 63 71 593 84 472 98 7284 2171
79 0 1 2 3 6 7 8 9 10 1671 15 4625 19 21 23 3738 26 162 548 4773 175 308 54 5817 441 5573 968 329 588 476 222 995 870 104 1257 3184
80 0 4225 2 1 4 5 3 7 900 9 2063 17 19 9876 24 25 282 1307 29 1183 7328 37 43 3244 47 51 53 66 79 726 6624 1895 366 2035
81 0 1 2 3 4 1671 137 9 7691 12 13 14 18 20 21 2325 151 158 2848 5921 34 37 38 1318 301 53 59 320 2500 6481 2010 2272 2660 228 743 119
82 0 1 2 3 4 5 6 7 9 11 524 13 14 16 17 1170 23 26 3102 163 164 677 45 50 178 438 822 58 714 843 76 210 1623 226 9837 8699
83 0 1 2 3 4 5 7 1416 9 8 12 14 1038 17 19 20 404 151 25 26 155 31 32 47 51 1465 3662 1494 2522 2780 104 492 108 4204
84 0 1 2 3 132 5 6 7 4 9 263 138 16 17 19 20 148 8601 25 27 29 44 45 46 177 51 308 54 188 63 3532 1122 3173 9831 618 240 4594 115
85 0 1 2 3 4 5 6 7 4864 9 131 1415 8 399 16 18 32 166 173 6061 685 3511 1219 2500 202 77 846 465 89 996 243
86 0 1 129 3 4 133 2 7 6 9 10 13 21 26 28 31 34 3364 39 296 44 46 568 64 708 75 203 726 102 4589 756
87 0 1 2 3 4 5 6 8 9 16 17 18 277 150 22 24 27 158 415 36 42 43 45 48 945 56 7234 2371 89 348 1505 227 739 505
88 0 1 2 3 4 132 6 7 6400 10 13 21 22 535 24 155 29 6302 2337 41 3755 51 181 316 66 68 9030 493 239
89 0 1 2 5 133 7 8 9 11 9740 15 399 19 20 2583 24 155 29 6138 35 423 42 5165 816 3506 317 4287 77 476 604 225 1655 120 378 126
90 0 1 2 3 6 8 9 266 11 5514 4498 20 406 22 26 27 28 29 162 38 40 554 3244 692 56 59 708 71 3784 329 9424 2001 218 2138 225 610 101
91 0 1 2 3 130 4 6 263 7 4996 8 11 12 13 15 25 34 165 3630 817 1585 51 1589 191 63 327 859 743 112 3828
92 0 1 2 3 4 5 9 13 1427 21 23 1688 25 154 26 28 5534 928 1958 42 64 70 2378 8017 2642 595 88 1501 1248 227 1637 236 242 757
93 0 1 2 3 4 5 6 7 9 10 11 12 138 1290 17 3099 27 4766 160 549 2600 3632 48 1713 1589 185 7881 597 87 4723 244 3706
94 0 1 2 3 5 6 7 9 394 8970 11 138 1296 273 18 659 20 26 30 32 33 34 39 3244 686 4022 61 2625 68 76 6607 469 3677 98 120 1915
95 0 1 2 3 4 5 6 262 905 12 14 143 4247 24 538 5661 30 799 160 7585 40 2216 43 46 4911 439 57 190 197 5451 339 211 483 753 243
96 0 1 2 3 4 5 1024 7 520 6 10 8 6924 2060 14 15 16 18 8851 3860 23 151 26 285 30 34 51 8886 185 61 65 193 71 78 2527 368
97 0 1 2 3 4 129 6 7 5381 9 11 12 18 20 7189 21 24 32 673 7457 38 40 47 54 6341 4425 85 727 3295 96 225 111 1135 6769
98 0 1 2 3 4 5 6 395 1292 14 1423 15 16 18 919 2712 25 26 921 33 38 166 307 51 56 57 62 67 3271 204 1360 2513 353 1634 3684 4711 1645 1263 3064
99 0 1 2 3 132 4 5 7 8 9 10 6 12 138 14 16 18 21 1301 1557 34 165 39 173 50 184 1593 583 76 81 722 82 1365 86 7641 867 110
