100
0 9530 113 5060 4890 5861 9115 1569 8113 1921 1205 3674 9687 6025 5819 6328 760 4416 2363 8123 6126 8014 4344 9359 9289 5326 429 3313 2830 8191 5759 9661 85 8231 290 3629 112 7571 1232 9267 4 8812 9744 994 5862 6386 9762 7207 8826 4986 312 6332 3669 8762 7949 5807 656 8081 1553 7201 2326 8786 4588 5866 7662 9357 3079 4016 4546 4137 5124 9300 6567 2429 6766 3996 6262 5534 5416 5103 338 4663 2063 565 4473 3691 271 9500 6826 6977 7116 4380 3650 5171
1 9193 4394 2554 2176 8059 6326 2355 4385 652 7617 1971 2003 4530 6910 2507 3151 4967 3077 1133 9226 3312 3610 1767 8016 5072 5003 7262 9486 1458 7722 3104 852 4310 1744 7493 956 7719 1235 9336 6574 7269 6993 6987 3969 3059 262 661 2461 8303 2712 3063 9212 6440 3689 5297 3634 8851 8661 102 1735 7090 9674 2217 6394 746 9330 7521 1432 8129 8730 2547 5716 6053 3621 6824 7106 4734 5692 7589 2082 6377 8845 198 481 6157 520 3225 9097 9581 1945 8821 7035 6645 5705 3911 2289 788 5547 3600 6825 3985 7990 3954 9165 2756 6072
2 5701 1522 9639 5615 6664 9997 9830 3958 5415 6651 4282 6435 1559 100 8491 9958 4817 7897 7760 4113 4994 3095 4578 5092 9515 5770 4158 8645 1261 6772 9643 9472 3034 9747 9206 741 8050 4693 7605 4194 3987 7187 6823 1871 8682 3827 1285 9192 93 1989 9172 6871 4070 7395 6537 7702 9839 7072 4735 9060 4713 8187 9012 8174 7327 2351 6722 8080 7442 1771 5148 4077 7 554 1295 168 9943 5365 9210 7649 5512 2503 2383 3319 1785 7845 149 1800 3903 70 281 7184 7332 5292 2766 421 5083 507 2676 8493 8178
3 9395 1387 5941 9624 1124 1127 9819 2465 7101 6493 5143 6739 2300 4821 8172 909 6539 2255 3941 4755 7835 9502 6172 5445 9277 4199 5027 9225 6450 1153 460 7645 5239 596 8461 7787 557 4433 4189 2698 5552 215 9963 4179 3120 4201 1375 7171 8861 5304 8860 4453 8558 496 5927 6168 7344 5496 4918 7059 6407 164 5546 1659 208 5715 5575 2851 4054 1513 1152 8959 5015 9498 5835 1479 8266 1538 6403 4863 6532 6255 9400 5134 5341 2207 3024 718 8061 7144 1704 9495 1733 3743 1100
4 4960 7803 3871 2160 8032 3979 6676 7433 3470 534 6258 3872 6813 5361 1542 2060 3740 722 8124 5142 1456 4196 361 9656 1421 5013 4554 4418 5464 6454 8521 7004 3826 6152 9179 1340 6661 4039 4306 1956 1308 8381 1262 1293 1607 9972 2023 5241 6703 1092 5499 9452 8216 5597 1948 2110 8297 5066 847 6965 8839 5778 7957 3821 1165 5054 2543 5049 6638 6362 341 6513 3354 2262 9026 4181 2684 4266 4231 2577 4615 8568 2594 6286 3939 5783 7602 7330 6873 1980 8565 6278 4512 7290 71 2938 6794
5 7576 2657 5183 1582 8581 4746 8046 7972 3729 1793 7082 1071 7643 8731 109 9580 6276 3156 7512 8546 9401 2831 806 1228 9005 3159 1059 2278 4345 5907 5964 8566 2124 6868 4600 6117 8782 985 6808 9297 5163 2988 6704 75 5116 4854 9710 6170 1203 2578 6519 2750 5814 3569 4723 9668 2295 186 1775 9424 7934 2740 6413 7820 6505 3158 8214 5828 5231 4586 6372 7342 7129 5502 5529 2575 8023 8791 8775 8358 8846 2499 8175 5836 5500 6216 3409 3695 8766 6200 6288 6268 4561 389 8431 1663
6 8361 7908 4645 9717 8588 5133 9805 5614 5451 7202 2960 897 1382 1838 1355 7172 203 7075 3282 3747 2563 4363 1680 5050 2950 1753 1587 9563 4683 7063 4571 3435 1060 6243 7906 1347 6299 7529 7452 4017 3675 936 8041 20 831 8024 2721 4981 8164 7780 7032 1705 5765 9536 1201 9463 7817 6312 8571 3423 4946 79 3320 7214 8938 6404 463 5076 4288 5769 3401 4553 4923 4668 6491 5856 9621 9000 7640 6156 2406 6721 8835 7300 4144 5725 324 801 9573 5806
7 6475 5797 3585 8598 5868 8761 8560 3901 1572 3589 3928 4640 3746 9421 7833 7601 974 6456 2494 6683 912 3736 712 6360 3667 7302 8232 1050 1024 9018 5565 2108 717 6761 3386 3477 7978 9315 8458 1795 2271 4087 7586 6176 1076 6706 5867 3692 1890 1557 8572 67 74 6076 9203 6979 7963 5932 8165 2146 6552 9224 5411 3216 9751 9915 7073 527 4400 9739 2550 207 4565 3101 3568 3368 5527 3833 6405 1814 7218 2119 1895 3127 9245 3408 474 2121 8788 7131 3764 944 7915 9950 4594 5827 2441 6983 700 8606 705
8 6587 738 5344 3950 9239 4970 4597 3773 2370 451 7825 9412 6817 7108 9785 7874 1621 1867 3013 8760 6304 2235 4286 7279 8817 6091 8190 6088 4567 319 9309 5081 5139 9711 1737 4232 4602 7792 2264 3254 3531 4936 2890 9627 823 5524 8585 9010 8540 7428 3210 3314 3603 4835 3392 7499 9048 6783 2263 4351 8678 2439 6349 2120 3058 1425 9117 9740 165 2414 3049 1248 879 1332 4524 3261 9453 388 5511 309 7824 4322 4983 8733 6294 3200 7030 1570 6043 5035 4284 4270 2659 7009 5894 5542 7697 7756 6476 6895 3460 1951 8138 9413 3533 869 9023 1361 24
9 2133 1161 8806 8166 7278 1339 6848 1745 4542 1175 5557 3727 4358 5707 4976 529 3653 9063 7000 3140 5373 8201 2580 6347 247 3648 8848 543 2424 8075 3887 8523 115 7510 1594 32 420 12 753 8877 720 8338 214 856 8664 6840 4814 8221 6928 2738 1214 5188 2265 6733 3461 6145 5805 1073 5117 2026 6617 172 5674 6812 9200 2694 7587 9914 4300 7555 8468 5431 9134 699 625 1759 59 2786 347 9879 1385 2334 9071 1729 5254 5996 1920 4302 3123 5595 7169 9629 5053 5803 7581 8837 6281 2814 9253 4221 1719 2904 6004 965 5943 1683
10 2627 6146 9677 2528 6547 9111 5731 8937 6342 7800 5955 4756 1924 6264 4520 1959 2570 3256 1307 3449 1995 5753 3718 3635 6775 1489 8323 6852 1884 926 1216 4773 5718 4842 4294 9644 5789 5880 4820 3591 9552 1226 5389 5387 183 2279 6065 5414 9954 641 535 3800 6549 180 6997 6990 4901 2805 1635 7198 4264 6346 682 3428 9393 1354 2782 9771 4719 4041 8250 7001 6311 9611 3060 6948 512 8773 876 5593 6646 9872 173 6606 7025 7687 163 2325 6316 6426 6640 4913 6520 813 6639 2147 1901 7272 191 8517 3479 11 7593
11 6367 4437 592 7221 3713 9667 1115 672 2189 6125 7314 4501 978 6095 9130 5558 3466 1136 4224 7738 8069 9824 2647 1195 8177 7189 906 1183 4200 8203 1238 2998 775 2200 4127 4858 3823 6446 7810 7868 5005 7215 7550 243 3812 6663 8108 1630 9543 8974 9078 4071 5473 754 2467 2965 1604 2628 1424 7632 3336 426 6241 4316 6436 1584 1469 9671 3723 1545 5781 6166 4649 9105 6002 3082 8272 822 995 5114 8450 1500 7446 4360 1408 1610 1712 1085 5625 9833 2449 8952 1069 8988 6702 3371 4832 8694
12 8378 3329 7103 7454 7584 642 5398 6926 4856 5971 6776 7141 6815 3114 962 2719 7069 7937 2671 6374 1377 7572 6228 3697 2804 1540 5972 5922 5079 4733 1117 5936 6951 3061 7394 9934 4256 957 258 2632 4499 7443 4398 8011 5269 6419 6323 7266 9885 9301 4552 1328 2635 666 4367 2865 7504 8279 6878 3818 9462 8859 3646 5452 2910 6008 7848 6745 3752 8880 6080 5182 413 5531 2737 5650 1451 7849 1755 5660 4372 9120 3575 9358 2045 493 1227 3651 2379 6588 2226 8348 5281 2221 5095 1629 44 3867 7182 8362 5169 5084 3427 622 1141 9658 2691 3644
13 1280 4177 7538 8734 5447 9080 9396 7795 6185 8134 6082 7251 6448 6523 516 1275 5503 5714 938 967 3222 9748 2763 5887 4474 2621 375 893 1531 7391 9533 8357 6515 4465 7881 6829 1911 8477 2644 130 5691 283 244 6070 7006 3360 7216 8415 6531 9384 4772 3080 3498 7899 1449 3868 8386 1323 8347 58 984 2724 9525 2027 9930 6944 3215 4374 8269 5367 7408 509 9534 2253 9821 3170 8005 4808 9501 1104 1013 4036 4299 528 3376 6608 8614 1939 2541 7604 3432 50 257 9996 6811 5288 6980 1300 1546 5658 9763 8300 4697 6289 1279
14 6474 1051 3580 4218 28 6167 8260 4332 2426 5017 7680 2021 1168 7980 2131 6889 2810 6295 6451 2044 9302 934 8091 4549 8924 6402 2073 5434 3546 3416 2802 8739 8093 3766 2381 7490 5709 921 3918 8047 9213 2838 2216 1859 6936 2478 8816 5157 5699 1918 2610 1506 3001 1689 2214 7150 5483 2537 982 213 4531 7331 7910 5125 4920 6371 1598 2893 9795 6525 3463 1778 6376 9913 5841 2234 6187 7619 6059 4330 778 5642 5356 3397 4555 971 6027 1588 4903 66 1437 724 8319 468 2637 830 4523 5826 1758 3875 9042 1088 400 8421 9849
15 5190 4278 3268 5033 1123 2007 1962 5384 8088 8337 7447 5408 5287 3739 9863 2086 4195 6034 3775 5355 1707 4028 5185 6511 5008 2532 9812 7147 9559 6124 6555 1903 2768 5002 9623 859 9810 1187 742 1130 2165 4429 8983 2481 8764 3187 9966 4098 5329 2471 5820 7329 941 2320 9949 1374 2797 8109 5319 284 9364 1315 1511 810 2113 665 5256 9685 676 330 3056 4781 7333 6998 9917 1501 2792 7091 2619 1541 8745 8094 6637 5301 4340 3700 114 1180 6181 5833 6408 4311 3462 5085 9994 8626 2260 8432 4690 3937 5515 8331 6899 3514 5928 1379 2348
16 2361 8793 6894 3147 3850 1407 3164 3808 2046 6853 4190 9169 8949 9617 7407 7560 8376 4596 8722 8929 1798 8992 6632 5082 7263 9788 1833 6012 197 4183 2775 863 73 1372 4117 6842 6033 8467 6138 5780 5454 6506 7419 8184 8030 2685 5029 8374 2018 2357 3511 5689 848 8926 9113 1807 5217 1207 1431 6282 398 8543 7379 7578 5043 7133 5232 9736 3487 6196 5212 6066 888 6954 8411 38 7089 3750 6209 2230 5 2539 8526 8170 4061 4269 1138 3924 4999 2716 7120 4271 2350 7113 8121 7083 3018 7967 9564 4779
17 3446 7134 8999 2447 6809 5787 7449 9899 8783 5229 5128 6313 3109 1198 1476 6378 3762 5393 1475 1757 9034 4304 7892 480 7295 5028 1486 5651 3627 1670 3784 1931 8273 999 8858 6421 5216 9347 9657 3399 2601 4031 5963 2583 9722 8126 184 8510 6630 794 2156 2123 4030 342 6498 1912 5009 1167 4533 6003 1773 4397 4748 8082 4037 6103 1266 6755 4072 1667 7527 8116 820 2636 5548 619 6 3152 55 1816 9999 2553 7040 6399 2559 9426 6529 222 472 5886 8750 297 9152 4235 5366 3142 5897 3144 5796 2509 9457 5749 462
18 844 8557 3211 5463 8469 9882 3214 3475 7354 7058 5702 7790 5423 6533 4852 8377 1142 627 3908 3896 8753 1860 7743 7051 7146 2341 4050 3508 2751 3033 1909 3168 8229 2649 1078 7299 4043 3662 600 1008 1954 8002 5140 6206 4454 5719 5945 3763 7766 6726 4119 8147 7973 298 7514 5202 1624 6467 8474 9675 3381 9499 8447 877 561 9353 960 291 5802 7276 1365 6234 53 3065 6073 9173 1872 7369 6202 6298 3000 4796 2324 2973 2077 7676 8740 8727 2017 7315 5578 2730 7891 6263
19 9725 3828 6679 4727 8584 3815 4447 4292 2001 2247 249 2036 9680 5998 4879 3684 8057 1483 2533 4009 345 8593 2663 3992 8366 116 1392 1790 8943 4724 1423 6307 1409 768 3231 9368 576 929 2706 8887 5295 9792 3995 566 1188 5600 5762 8502 3909 6627 2497 2953 7950 3657 1762 2873 6220 4263 1593 7431 4191 7367 6036 5545 1861 4800 9317 5485 96 9050 1111 3972 322 9177 4809 842 1093 6120 8392 6494 9036 8152 2222 2114 8741 7274 1809 6685 8031 6291 3878 620 5994 597 6424 3493 9919 3351 5920 6777 5590 467 4449 5000
20 3411 501 2806 1966 2972 4579 1997 2929 7938 862 167 4686 9857 1080 3362 9931 6866 4430 7875 6414 7725 2693 8779 4943 48 1155 2860 6535 8426 2888 5793 1029 9660 1976 4489 6699 2232 4928 2835 4141 1536 4328 2573 1179 7282 7230 1606 7762 1396 8856 1643 1592 7485 4948 9231 7048 5788 5604 4281 9487 7830 1678 9365 824 4900 3929 1518 7127 5811 9312 7631 8622 6742 1440 618 7027 7747 3017 6093 7352 3704 855 5727 3845 8719 9084 3003 917 8299 9273 2440 3238 2880 7313 7506 1048 2790 5912 104 1271 2638 2303 52 684 2640 4844 9650 4744 9555
21 4935 6984 2571 8130 1236 9137 3989 46 9425 9214 8615 8087 4078 8726 5562 7788 5670 836 6296 3611 9909 2673 1046 8097 1706 4053 7573 5007 8340 2058 3805 6763 7052 5446 998 2409 6231 259 1478 4660 2855 1002 1803 7016 2911 9342 9683 4325 5851 5603 7163 4265 443 9101 4111 2258 8179 7888 1257 6915 2433 6013 7806 3515 5065 8149 5429 9372 3548 234 4476 5443 4699 2048 1618 7995 7334 8218 8042 4457 5010 1427 2665 1839 2106 7378 8098 7363 4580 2241 3541 2281 8354 5572 108 7238 7836
22 3612 6267 7423 5359 7124 880 4536 5748 8635 5863 5243 8667 7657 3760 8823 932 7846 6273 7827 7078 7524 7373 4356 5012 3594 3705 4760 1741 1984 1847 2071 1922 2500 4138 1514 1780 5501 9 6418 7608 9481 5474 6893 9310 6546 1646 4964 6611 9379 586 9058 2256 9423 5965 6026 428 804 1278 3288 6042 7013 4859 789 9197 2534 5478 8951 4831 1893 6142 8296 7288 8564 2025 5186 6861 678 5617 5921 923 4431 8998 7638 9852 6048 348 7358 8711 5466 2149 2051 1638
23 2531 471 7164 3197 3501 181 4750 6764 2135 4475 317 988 3809 3342 4483 796 9860 2111 6804 6544 1007 8103 2902 6771 433 1498 9584 6015 9840 7227 3339 3802 9566 492 377 6425 9320 8085 8355 6882 6758 5046 1041 1701 6106 8475 6690 2747 1791 7994 7628 1289 1889 6401 4227 7941 4295 1056 8516 2661 6781 1480 3933 7267 9780 3970 7193 8763 5299 1811 8086 7656 8746 1045 6749 4791 266 3040 4543 6009 6992 1927 7355 5779 1126 3505 1170 4573 6849 90 321 8139 3528 6847
24 8911 6183 5533 7020 6650 1583 1302 8492 5221 1880 9470 6252 3614 6904 1150 2140 798 9809 9287 9508 3199 5179 1178 9433 9921 687 5525 145 9443 3983 2153 9560 1561 2342 3227 3642 332 3542 2248 5477 9526 8494 2368 8705 7821 1097 5308 3555 8313 4426 1068 275 2596 7291 6391 910 5720 8308 35 4114 305 9904 2053 9532 8738 1580 3579 4718 2388 9221 3707 2948 3182 3520 3615 3726 2622 2313 4648 8387 7502 8752 6621 2892 2717 3913 7771 9411 457 248 4290 689 8724 4872 7188 6333 2556
25 7564 8112 169 1291 690 2566 9548 1369 1438 4511 6819 2489 6007 8977 4151 8084 9774 1576 1852 954 7292 5320 5949 4517 6975 8802 6169 6736 1846 2130 4425 7718 4706 616 4085 2356 7483 2487 2828 69 4488 232 3209 122 1519 7765 8365 4722 4104 8067 2410 7160 4694 4236 1352 3835 8600 7539 6844 9976 1661 7237 4415 9096 6810 2364 9322 438 4558 5057 2374 8693 8872 9150 7828 6463 5837 5638 9811 4155 8505 3407 4851 2419 4164 6485 8625 5966 174 2759 1303 4074 1764 6102 2754 542 4443 7585 5551
26 2981 2896 8718 4704 5450 7194 4810 4461 416 5150 5940 3889 3387 3324 5120 2346 406 7629 8657 2633 4705 9145 924 5210 4093 3045 8202 9116 4257 3054 2479 4904 6816 380 487 8406 9371 3305 6171 3039 7161 3666 4754 9201 7400 91 9218 3645 5821 1929 6199 5773 9294 2057 331 88 2764 3178 9987 4747 5982 8089 6709 1176 2446 1023 9478 402 1916 6194 9628 3181 6797 3754 3341 8332 4998 8251 5898 2238 4197 5458 7191 6079 6581 7936 7011 7248 5995 7336 446 3346 8257 2933 3006 4230 8865 7019 155 5108 5250 1471
27 5285 5777 5916 8932 8473 9862 5619 7930 8836 6964 3379 8379 2884 6759 3879 1364 2761 1993 42 3221 3926 1623 4395 9004 8501 9450 2411 2836 3321 6933 2600 8939 2755 6135 8017 434 5482 6217 8629 9307 1067 2822 1958 6725 598 3953 3124 2996 7864 3876 2885 8767 3720 3355 8944 7426 9341 5037 9880 4233 752 1781 1296 7531 8512 7860 8065 8324 4812 548 5618 9721 2181 4248 9009 2808 6735 9383 2321 8036 8804 6409 8878 1455 1218 5047 8490 378 4979 9587
28 5461 8101 1671 8110 2359 9594 7243 9350 2514 2771 152 8586 2969 6689 23 7580 5078 1313 9304 3019 8125 8601 5497 5899 5187 9407 8487 7143 3539 8605 9228 179 5237 8128 1025 1032 3110 6107 3730 2682 1128 7964 384 4680 4498 1263 1934 4551 241 1628 5394 864 5481 6901 9929 9889 9056 7505 5418 2546 4618 6014 2643 268 6208 8840 9896 6720 7517 5610 6782 4758 2869 3083 6789 5587 2464 1672 8683 3349 9402 2103 3280 7114 2548 8702 7993 7491 907 2284 5580 9083 6891 7107 7968 4035 4022 6912 1019 3510 3756 9074 2129
29 8375 9204 6598 8233 6649 1999 8633 4044 4352 9870 2047 7410 5959 7386 1497 1318 5428 3146 318 7152 5489 8013 6219 4862 8757 2783 1310 3701 3512 1996 4939 1135 6715 8003 5952 2519 7234 8176 494 6235 9912 5093 1472 2949 1965 9853 8852 7271 9775 2852 8339 7170 1783 9209 8613 6390 4066 2824 8223 3794 3554 5039 5410 759 7239 6580 3991 51 986 8188 8270 8604 1698 1040 3326 2115 440 3051 8684 2288 334 8670 7982 6020 1470 1251 575 0 3906 3396 7139 1864 2789 6369 7809 3382 154 5432 4962 8798 3742 4569 1770
30 4714 3108 894 2925 5374 9714 8430 9571 3283 2818 2752 6952 1109 9483 5107 3068 123 8707 8413 7489 7644 3649 5379 3484 9043 4186 786 3122 8583 423 5061 3771 3445 1503 2921 2700 1358 264 6047 5895 3289 7706 6324 8520 7029 5669 5869 958 2821 8813 2611 4366 187 9285 1465 2613 216 1841 5289 1450 719 1028 1743 5901 9068 4830 4067 8749 1597 7962 1849 3448 5325 7119 2626 3410 6554 5958 9829 1096 739 5736 4519 2841 1356 4841 4857 8608 4646 2709 3880 6654 6044 3735 6356 547 9869 6385 9712 8484 7403 3185 1696
31 4238 2020 1252 2291 3507 1722 5052 7759 3813 3888 3009 8230 8632 4209 8697 7732 3425 7622 4874 9331 4592 6636 6423 7209 2267 5997 4811 7376 1932 7635 7547 6507 5645 8307 8289 4444 537 6155 5490 374 7321 1970 5937 3623 2523 7226 5858 7690 6058 3997 4279 4393 7168 8784 9323 2720 3002 7450 3537 1049 628 7200 6148 1163 3325 343 2668 8412 414 1960 9957 7534 6595 5258 4849 6582 1799 454 1371 9002 1969 1551 8704 9826 2840 3964 3672 9520 8769 294 4410 3551 227
32 354 1792 4607 6097 1001 1715 3228 3172 8499 7880 4905 366 851 3582 9727 8805 6593 6137 8456 8482 4000 4095 3390 2298 5627 6501 5902 9299 7488 3250 8301 2690 4026 6480 1086 6233 6674 2597 3438 4204 5487 9524 9492 9970 526 4027 8748 3366 6767 9017 3088 7708 5944 5984 6111 2436 7871 2741 3217 6884 8267 9125 7387 8902 5141 2651 4086 6085 9856 2956 7933 2794 2338 5298 2795 5968 8634 6967 9990 4956 7526 878 6309 2861 6800 3857 2010 1835 7688 1204 9608 5601 2365 748 5001 5080 9991 4162 1520 9699 3472 8453 7462
33 503 4675 1654 8906 5609 6563 668 1746 3862 8800 7414 5025 3848 3473 521 826 4980 4124 517 4390 4291 3496 6373 5274 4251 1786 1492 4541 7873 8292 558 4550 8538 2152 6905 5849 1660 235 2022 5628 4691 6340 5253 6821 5006 9601 6023 4401 4619 4915 4192 1330 1181 795 4785 8991 4450 5649 7076 5581 7861 2599 5218 6345 3673 9416 7983 688 7060 4628 9845 7518 7951 364 3155 4655 5262 2035 6769 2008 6738 4175 4985 5682 6677 153 7772 774 6860 8528 5233 8150 5294 1900 9033 3424 5324 1137 3753 9119
34 8916 159 1268 9670 9738 8899 269 382 9415 6410 5846 1099 726 2389 1612 4346 4584 2202 3026 3121 4225 2266 6941 1530 8466 2912 8243 8004 7473 5737 2294 6502 3884 8095 2576 217 6158 1416 8552 2399 1865 3092 3656 9932 310 8536 5465 2197 5350 106 4847 2941 379 6330 444 6856 3751 3203 1853 1156 3350 1891 7611 3938 825 2418 5207 9184 2862 947 7404 6000 3128 4768 1033 190 5480 5479 9363 6925 5086 6032 4684 9129 657 3352 4063 4871 3761 9454 8235 6119 211 1105 3682 9293 9521
35 3799 5919 4171 9962 5224 2939 9305 3571 9446 4096 7954 8504 4046 6162 1827 5372 6599 7670 1319 3274 5671 6224 2274 1620 1578 5149 5096 4253 3239 8898 7010 5375 2957 8433 8849 7294 2922 482 1363 599 7511 7626 4566 2770 5993 6765 5772 2883 8204 1151 7851 8792 5404 6293 267 63 1309 9055 134 5098 333 7998 3344 6923 5905 7552 7261 4504 6922 9398 4725 7024 3031 2206 5087 2080 9022 9766 7254 1716 2477 9528 1189 9081 5115 7328 7727 2857 4125 1144 1473 4947 8986 976 3439 6380 4765 6366 4205 2785 3304
36 5526 2394 1657 4709 3452 7558 6470 4914 9906 5879 7592 3032 3786 5626 7437 3161 439 7366 5738 1596 3102 3652 9592 2024 9519 4636 2866 307 2126 1052 5347 4287 8252 8542 7556 873 6883 4417 2849 6754 2564 8655 4303 8276 37 6336 9900 5804 2595 9654 2475 5790 7217 1420 2099 7253 8770 1788 7794 2642 4399 170 1510 3869 7427 4991 4848 964 2820 2476 5631 992 3618 8808 3113 2453 4599 5475 2239 838 7322 8435 9242 5276 95 9720 2139 8304 6570 5100 2190 6490 560 7167 4679 7761 4215 1655 9290 6509 2009 4937 945 7925 9679 696
37 8654 6559 544 9866 7390 3917 4289 2793 3412 4529 6348 8425 5471 4492 1863 7325 2078 5929 3832 6974 64 680 3604 3052 8921 146 5842 3296 2483 8973 2875 2251 1345 6793 1316 2269 9121 1627 4632 8610 8402 3046 4823 7528 2900 6143 9782 2905 4786 3071 105 5888 5663 3247 8864 4762 5110 1779 3897 4622 5939 4406 1751 7939 8853 4243 6050 351 2932 1766 4268 4537 3490 7917 9575 8455 5056 4695 4123 409 6906 5782 7714 7570 5596 1533 5742 3517 1529 2589 4617 6133 3922 201 3920 9427 5495 4995 4213 7398 3765 8862 3036 1397 3115 1132 6670 9503 121 2401
38 4013 5024 2913 1878 4825 7123 4654 2943 1118 9025 8714 5327 5657 3074 9008 2050 26 3693 3229 161 8732 2387 8120 9132 118 3825 896 6141 1 1003 8947 9079 4029 4624 9737 7077 7746 5426 2788 9494 9265 396 9707 4477 3687 587 8569 3173 3154 4925 5990 5981 7377 2244 4362 4428 8073 6790 867 5910 5170 1738 3951 4521 1116 3973 7653 7353 5694 3287 4049 4736 9185 4731 6839 6177 4730 2871 9189 8688 5362 8161 8136 1700 101 4945 2666 860 2914 9154 7757 7712 4210 7145 4274 7104 7548 77 7033 5370 7945 8925 698
39 3297 908 182 6301 2272 3572 57 3982 1777 1692 4839 6875 7273 4487 8470 4193 1217 9406 4637 7026 6830 9662 8225 1543 1505 7070 7755 2779 9940 658 1875 3641 3112 1043 4634 5758 9479 339 4627 6437 8545 5486 6929 7080 2897 8673 3245 6625 9269 9975 302 7986 7460 9632 1467 1209 3608 3796 1243 3864 31 8934 3519 6752 9891 2033 7959 323 2209 5704 6751 3458 7507 2211 589 6029 2807 1869 8160 8162 4711 4466 8371 3631 2373 2936 5564 1026 1801 2670 4793 5969 1331 1325 8481 5544 9936 4006 961
40 7905 3010 4929 8099 2041 3277 4384 6545 8511 1404 2924 6055 5989 2778 4262 9382 7717 8237 5395 5586 7348 8663 9103 2159 5459 7281 2551 9403 4448 4658 7471 9148 8119 2963 8044 8351 9163 6227 4877 2816 3710 3601 9556 3353 3925 4726 808 4674 7235 4577 2675 9076 4696 5903 7259 4626 2492 4717 6978 6039 9776 4898 6678 6427 7151 2629 8931 3240 4246 4505 5105 4708 6864 9578 8832 6266 7953 5382 185 7105 5909 4261 8652 8922 2184 2827 1617 9399 5014 7652 5208 1723 9682 6186 3552 6115 1022 3625 9691 9600 5900 942 1725 8118 3226 751
41 6803 8755 7065 6074 8498 8720 6320 287 2116 9583 8033 6361 5677 7068 6562 5156 9314 2323 1154 9576 7989 2375 6607 5839 2540 1892 7474 9020 644 2510 3262 8194 3275 272 4527 4297 2727 4280 3454 6428 2846 499 4296 5070 1321 3529 3856 6746 7346 4667 7692 3550 4737 9554 9255 9160 5165 7525 959 9264 2667 2435 2829 3393 3686 4526 6337 6865 6791 2757 900 7603 1943 3584 4892 4560 5109 3413 8743 2588 7436 4787 9911 9156 3842 6189 9052 8863 1942 1702 1686 5757 2615 8352 6575 9434 6859 4147 2991
42 1844 1220 295 9868 6302 260 1342 7742 675 5075 5468 4478 6481 8060 5947 1273 2715 461 9734 4349 4161 3249 2753 6613 431 422 2316 1992 1139 9772 3998 4145 1329 7456 5679 7430 2536 7634 5240 4139 2127 4057 4891 6384 5563 7361 9765 5766 6843 9928 6412 9397 9343 764 5784 1044 3129 3420 4612 9381 6061 891 9252 5785 4413 653 1848 8008 4751 9327 3549 640 1896 6317 9127 5456 2404 5283 7671 2178 7380 5045 1899 603 6851 8385 2781 5032 7935 4169 5559 3293 1534 455 381 9405
43 1845 306 6947 8515 17 3244 2864 8145 4211 8801 9377 5286 9303 3048 3916 4305 9701 8551 1401 9890 5986 5215 2069 7135 9569 5568 9831 7515 8794 3927 1913 6290 4273 6179 697 7148 510 2767 1810 4277 2081 3145 7464 2405 89 6110 4153 3883 2858 8936 1983 1057 7399 1914 5791 9439 2311 7940 940 4247 3021 7159 3959 6344 1881 5823 4838 7203 3663 4163 3737 6503 9376 7468 6118 8342 219 6411 6596 9804 2183 256 9003 1267 2296 7156 4004 3015 9244 223 9903 3272 1842 9241 4673 3893 7549 360 1946 5392 7546 4377 9045 4342 3661 8712 7085 5906 2516 5953
44 2005 6920 6466 5427 8539 8574 793 6604 5654 9476 865 6445 6092 9237 1756 3609 4421 8908 1539 8691 2306 103 5476 9779 5890 8990 1749 1015 8893 9282 9263 8850 1491 2603 7646 3870 2312 5882 4267 6075 7853 3665 8063 8334 667 1963 5377 6211 7701 6712 4840 3097 7838 9195 1435 1102 497 4635 6246 8288 2172 8241 2015 4019 4598 2584 479 1304 8884 9465 3728 7310 1882 4938 2150 8646 2245 9985 2290 6096 5582 4024 1556 3465 4160 8393 2729 8590 1446 9161 2154 336 8530 5425 9539 5816 9340 1305
45 5172 2645 7438 4097 4788 6315 6005 531 834 3310 4455 3037 7362 9547 7843 511 2083 4405 4242 9967 387 2468 4132 6845 9784 2179 1357 6792 9595 92 9816 9752 9789 4653 218 3944 4853 9550 5225 8206 8280 1466 7763 8045 9802 5918 5437 9669 7958 4952 5799 743 9652 4875 5407 7907 76 1429 9208 8737 9180 2112 7117 442 9939 1095 1107 8612 5508 412 7520 4407 817 6561 8263 2459 4148 8857 7365 4547 6869 1843 9969 4759 5433 3335 9509 6230 6802 1083 8725 2773 9168 6542 8368 4850 226 1633 3935 6488
46 4011 5505 574 9477 8717 4732 570 662 1053 7023 8903 6728 344 6353 3005 4881 4500 7421 2231 7096 5659 21 4438 8728 7110 7232 2870 7774 7754 3406 6086 6327 7425 3258 6863 4223 4556 1174 7062 4130 6653 3373 2977 9449 8287 3630 8548 1454 6495 4508 9814 7283 7901 837 9216 9392 6254 6919 8345 4446 316 841 3204 3581 8955 3459 327 7036 8495 6321 1312 502 4749 5818 6719 448 3745 8439 7684 4319 296 7368 4435 7618 2521 703 7988 4996 5305 192 3638 3067
47 7383 3087 2826 6976 5175 6379 9598 2971 7094 1565 8001 293 968 3714 4971 2832 120 5859 8953 2769 5930 1925 4254 3702 9151 3731 5352 9306 7813 1146 5591 8146 2141 2812 5302 8954 5106 4895 6461 7130 9441 1760 2887 1817 369 2304 7396 1314 3208 5102 9512 770 5097 2225 4837 5873 7181 5506 9984 5767 4771 4023 8789 7223 2091 9332 2937 3956 1714 5530 2868 6962 9828 7870 1418 7115 6586 5197 9952 2919 3670 6579 3530 1613 6932 5713 5985 977 2229 9324 1224 1685 996 8448 1515 3442 9170 2704 9591 2976 6541 9647 4440 8293 5926 9786
48 9394 9346 780 3779 7175 3139 7614 2918 3090 4140 5708 9430 7007 9328 391 6551 436 7287 7668 4563 7816 9092 6827 9126 1343 615 5284 7615 6931 5517 6334 212 6054 9122 2336 571 3307 5574 1876 8219 1393 2040 6760 4388 4272 2735 8015 8818 4226 1988 1461 9922 4108 5538 7079 8227 4924 8210 7455 4326 8409 4090 3467 1462 1317 4187 3942 3955 5200 8619 4143 7956 9460 8438 7568 6517 8318 1986 7337 6940 9259 7360 1460 3785 9925 5358 3829 6870 7031 9781 2505 8778 478 220 2169 9455 5457 8772 9793 7858 6516 2526 9138 449 7736 7453 1223
49 7814 1389 3811 2987 107 4909 8268 36 1905 9484 2710 4389 6182 5472 2688 8284 6999 8698 6364 7303 9274 9646 9159 3522 3086 4293 8970 7979 9981 7840 505 7289 3149 4506 5520 3890 2358 2742 3264 728 1428 1381 4084 3847 4121 733 7663 5991 9846 9459 2093 5400 9196 2586 5522 7678 663 1010 335 3506 15 6631 6300 8650 4974 9874 2118 128 1215 30 549 1240 2438 2760 9596 943 5567 9471 3978 1776 4729 5710 3534 8747 6046 5282 8621 9684 2059 3012 890 6786 583 9182 5639 6116 1255 5492 9538 5062 2425 6955 5055 4992 6128 5723 5412 4122 1688 4212 148 8870
50 2076 9690 4396 1075 8400 2803 939 858 3085 3509 673 5388 8443 470 8478 9013 4590 6540 9260 1411 790 4387 2038 5556 1018 1306 5164 3404 2928 8168 1000 8264 8010 2677 3830 715 9155 2561 9998 1636 4603 8049 1114 2660 1599 9935 5668 1549 8167 432 3583 7487 1242 4545 2508 6274 931 7952 1898 8602 7356 6521 1196 8706 7600 6350 9194 8825 7286 3171 5130 236 736 6667 8841 9612 5145 3348 3819 6439 3431 1035 2800 9504 6572 3759 7338 1281 4641 2246 2212 8360 3415 2843 5026 3899 4040 8422 6907
51 5848 1030 1298 2722 5768 5594 4494 6001 1710 6381 5756 9082 486 1426 871 9756 4861 4698 4941 8404 2850 7796 7158 4094 5222 4716 6723 4126 4507 4670 1494 3478 4308 7341 2333 1192 6500 4827 8950 8364 6711 9037 4100 4916 555 6492 5513 5560 7204 7582 4493 450 7540 601 609 7392 4173 2299 9466 7444 1736 4479 7384 8689 117 2791 3940 8690 6458 2382 2042 2088 495 2376 3816 7831 328 7704 1237 9614 6773 8102 231 7598 7375 5089 3016 6130 2809 7305 9198 3116 8957 1359 4591 2634
52 991 5073 4089 4368 9219 6985 7136 3183 1933 9128 6836 4644 6560 2490 7250 7180 5213 7118 6499 4080 1516 7542 7734 3237 4460 3837 3241 6221 9367 7405 2427 9174 1902 8989 1488 6071 3365 2353 9059 404 9666 9448 6062 7415 7707 9620 5954 3881 8882 8531 3474 3647 8309 4434 1581 7947 7228 5608 39 4109 5721 3910 3367 1648 7804 8283 6438 3301 8653 1915 2825 7923 4064 3328 7666 1609 7416 1808 9268 1662 7236 8662 1564 4350 7724 4014 9518 5051 1528 6526 6236
53 762 7140 245 8912 4927 3778 4423 5948 744 1591 9924 1247 990 10 6530 6430 4166 3977 9549 654 2984 5406 1199 4341 4176 8171 6801 3198 4740 350 4912 7781 9087 6242 1796 3865 1062 2240 5992 6908 3196 2122 6935 2962 4824 5271 3525 6682 8627 5616 8278 8527 8847 7121 8514 7623 9832 4047 228 4763 725 5181 5712 1338 769 8398 4650 2362 8372 9618 9086 9664 5555 8948 7086 518 5020 7664 2345 5976 3694 2463 5830 8787 8708 7275 1908 691 5974 2472 3945 8142 8671 5662 1391 2834 3298 8915 5809 7122 7588 6163 1904 233 8599 950 5042
54 1487 5242 3057 7461 8133 7418 7991 7594 4514 9114 7607 2859 4320 6927 6961 2392 8879 5337 972 5021 6867 5913 3497 7084 5090 9348 4822 8452 7257 8964 632 1219 6214 7496 504 3578 5227 8321 4156 2772 3658 3133 9166 3595 8271 8829 9861 4518 8901 3179 4033 7270 9973 6432 301 3234 8576 1490 9783 7100 6973 8282 7726 9380 8106 7819 7165 4721 9442 6568 2565 8286 1191 3866 1474 3044 2164 7583 828 353 9743 4445 2132 5640 8796 8169 147 569 1270 7463 6057 4068 4888 2070 4515
55 1673 638 4613 6898 4739 137 2352 3690 1058 669 1286 9942 5923 4012 1991 9697 1964 1172 8923 2874 1081 5063 8329 821 8930 5338 7606 8833 9387 5786 8472 2182 3385 624 6444 783 1666 4922 9801 8451 9190 5911 239 1341 8185 7641 4516 832 7591 1527 8819 6647 394 7231 6986 6945 7557 9505 4688 7829 2062 685 8570 8488 3418 7451 3469 3266 4878 1222 7913 5751 5153 9607 5219 9517 8785 8151 727 2469 3526 6134 5956 9878 5401 8509 8465 5346 7481 3195 4180 2400 4609 6486 2515 6382 2380 3790 9731
56 166 4348 407 8395 4249 7457 6996 5752 6514 1288 671 7241 8643 4894 6707 8316 6969 1453 9240 7445 488 5311 4843 9014 8208 2654 2462 9676 8253 3417 1713 3561 4105 8391 6943 807 533 5159 5177 8945 367 1020 3394 3094 3993 4975 9537 5855 8115 8946 1433 6434 2736 7981 9760 2193 7155 9927 1259 2726 4966 1554 4056 2302 8754 3317 2901 4864 2592 1644 630 7441 4314 2549 4355 635 6180 4955 2087 3748 6785 2166 2327 6902 9085 8442 1622 7543 4184 4608 2402 3480 5235 7197 1586 408 209 911 4606 4942 1493 5160 6934 49 5891 6900
57 930 6798 251 2105 2029 8034 221 6740 1162 29 6383 5348 3712 6477 1402 989 5553 6724 2049 4240 756 3709 7413 5339 2530 5349 8620 4369 3733 2618 3518 8984 1651 9567 9491 3364 2927 7737 8975 8029 3096 6850 8228 1120 8966 4535 8855 6957 2944 7999 3503 8695 5801 8987 6648 7729 3400 6193 4911 4075 3100 8844 5430 5453 1430 3130 3488 9019 9610 6687 9510 4347 2518 5332 255 6260 9553 4472 9326 1333 7382 6464 1378 2125 141 5750 5938 9461 3402 5381 160 5058 3859 1857 3072 1740 8780 2513 1974 1937 4538 4422 4112
58 2158 8831 6787 3817 7768 781 6415 916 8186 2650 2590 9767 6626 6469 4198 4630 2367 1732 5635 2454 4157 3776 84 8554 6069 7865 4456 8449 3255 2371 9993 365 7222 1681 3202 6136 5510 110 8100 9073 4574 3370 56 1972 9270 9349 5646 1708 2332 7532 3483 199 4661 9823 3078 7955 6441 9542 4331 6737 8700 8942 9388 5536 311 9698 485 4379 8907 6807 1413 9726 6584 2100 4855 5469 2567 4826 1665 5335 4685 1523 2774 9619 1169 6022 3965 8457 2052 5817 9574 7186 7047 9854 8317 4128 1036 6698 8259 814 8765 905 7102 3624 2975 9655 6173
59 4364 1968 734 8314 2157 5706 8111 4034 7411 3167 6971 6239 7597 8445 3844 1442 1351 3053 7057 200 1349 3377 1640 3502 2713 861 7264 5313 7326 5449 4662 969 2480 928 5091 2552 7984 3269 4436 577 3359 5876 3949 2669 4576 8896 4258 5740 1765 1145 9485 5729 3041 4010 124 7773 5364 5498 9325 8699 2186 9099 3703 371 9986 8244 7195 1439 918 8756 8685 9818 2075 4005 4611 633 3309 5380 5535 8744 8122 8563 3814 9905 2455 6988 6885 8234 1585 1110 3562 9799 7822 7246 4419 2215 4076 729 9597 9319
60 2134 7370 9838 882 7459 6917 4589 8963 1885 6455 6368 5672 9544 5979 9321 9360 5554 2624 694 9335 6165 202 8048 4687 1926 1544 4753 8148 7783 6982 1603 6729 8904 2079 868 5585 4833 8039 645 7071 9859 4079 915 6225 2482 9440 5598 9291 8883 6686 8105 1089 1987 9733 5424 1362 4681 1754 9235 357 206 1373 9703 2854 7050 651 919 9945 5643 6487 9369 9678 2195 3659 1301 3306 4402 3491 2798 2646 777 7213 9796 3246 171 8436
61 7752 3450 6612 1526 8642 355 9355 2407 5684 5069 8889 8928 1769 6284 6109 6963 7324 9067 1748 5607 4116 2881 7501 2535 7349 9473 1185 2607 1481 3066 3791 9468 3898 3236 7190 6191 1752 2275 9420 711 5385 4018 3626 5357 5300 1348 809 2707 4743 5168 6610 4391 2261 2656 4672 4860 735 1282 5516 6479 6129 2587 5800 9288 2762 9881 9378 9186 5843 5309 5602 1975 8751 3907 3042 1225 8476 631 5004 3098 397 7929 7667 1883 4562 9540 7922 9715 8874 6774 435 2605 5957 8141 3931 5077
62 8616 6195 2340 2728 9451 8140 6536 902 1641 3169 881 5152 4321 4058 3191 4770 5318 3105 4001 536 2616 5908 3976 9873 3919 3770 4933 6696 6131 8471 8245 1537 765 5193 5792 8875 3947 3447 8967 7877 7470 1074 4371 8723 5255 9877 553 7225 6589 1682 3804 1394 8394 9527 1555 8200 1645 3732 19 1834 6622 1837 2408 8771 2445 7709 3854 6911 6159 8715 483 2056 993 2335 6063 8537 5661 4564 6037 9937 9469 9546 6837 5570 1720 390 4766 9920 1804 829 2199
63 997 7685 8423 1631 3194 5951 7565 3069 3073 6305 7374 8356 9787 7284 4652 611 1182 8553 7312 9467 5690 5571 3471 2602 7018 9158 9926 946 3535 6693 54 2512 8503 7476 6250 7536 6880 7698 5205 1818 1961 7590 3070 5154 1009 4990 4802 1535 3606 229 127 6375 4902 843 4120 5680 7335 4557 9191 5606 5579 4469 686 1508 7277 3807 2273 9171 6184 500 9035 1821 8459 2305 2982 8052 2014 7842 5504 94 2562 1836 2574 6858 4237 9437 1774 6550 5854 7841 3369 6232 2016 7255 827 5074 1750 1283 3148 1653 6556
64 9606 7432 2872 6297 3333 8920 1560 4503 9965 8981 1082 2813 7894 1112 5420 2672 2545 3598 5871 8854 4491 2416 418 2224 579 951 4051 8274 8696 5252 288 2916 4481 2985 9283 6094 1879 3677 3107 9545 1148 1210 4797 6694 5223 7785 9445 9589 4757 452 8713 7178 3963 7486 5368 7577 6770 237 7776 1276 8408 8399 6833 2187 9131 784 6841 7389 4088 9730 9178 5834 7903 2369 7535 5884 9066 9706 204 393 6359 872 9983 6084 4482 4275 1229 6577 7839 9251 7961 4950 3688 8905 1851 4581 2705 7674 9724 6603
65 3270 6838 8022 797 2315 7610 1575 9496 2983 5230 5328 5978 5630 963 3708 41 3330 5539 9978 242 3022 9345 6903 6862 61 3038 6132 2391 7854 9464 7498 8335 629 5211 7046 6705 3162 9625 9694 2723 8524 8255 1873 2496 4513 5306 133 6024 2491 5977 5266 5155 5378 3035 1917 8183 8038 3803 8927 5693 776 5201 1602 3563 7097 1703 2678 2167 538 3877 8096 8043 8181 2213 1677 5942 4587 9797 892 2456 6665 5832 6354 1982 278 8071 2318 6949 7866 1727 3218 8327
66 2198 1158 3027 7081 195 706 4427 2268 4700 8742 8876 6748 5946 1468 5711 5592 9761 6265 4206 714 2208 8979 3137 3285 5537 4595 886 2254 8196 9800 4032 2205 8417 82 9982 6201 6697 2952 3163 5735 5099 523 7041 5776 6553 6571 4639 5673 4060 6099 304 6660 7703 8070 273 5279 9902 4893 7317 9279 2360 621 1994 6538 4712 72 9995 5771 9514 8677 6051 3895 8525 4671 3451 3943 7142 5316 6060 8960 2270 7863 3251 6510 9582 1197 7710 9562 5878 5611 8236 4930 4432 3389 1709 5360 5296 9588 1297 9410 5391 3545 6805 4301 6576
67 5685 6701 5761 1866 4495 8163 156 5623 8220 430 1820 1414 4621 4798 3930 6590 7965 7458 9705 8077 7797 8414 674 3974 5220 8518 9897 2204 6753 329 7038 8144 1813 2837 4373 3119 3047 5277 9064 3337 7691 3566 4312 3434 8306 7679 2227 2495 3436 2252 8508 5521 6365 846 1410 1274 7811 6960 3676 7647 484 8996 2748 2084 8892 3132 253 9718 3923 7381 9941 2151 9577 43 7852 677 4134 4091 4742 7569 5147 1004 8078 3259 8649 8533 7912 5180 3597 8311 6601 2474 5549 2732 140 9077 9851
68 9124 282 2889 8155 3586 1090 8709 4110 7066 7782 9211 2848 8624 7371 4490 373 2511 5307 9110 5460 5167 8985 3986 767 9672 4229 5688 3681 2002 9351 8982 1230 7074 2259 7061 9695 9106 610 4361 4167 803 2907 5838 5550 7220 4420 8051 1014 4769 4497 8341 4761 5376 5264 3793 9354 1590 3932 2236 7575 6946 1055 9953 8736 4989 7357 9344 3967 3378 7544 6174 9176 4777 5409 6497 6874 9988 2702 8312 8158 6011 1669 3136 7034 9053 6387 1886 7716 3894 4806 9700 9361 9334 4159 2168 7924 7805 2442
69 8886 8009 1065 1448 5576 8367 7064 979 6370 6006 9626 9386 5584 9951 659 7596 5829 8609 514 3613 2980 3936 2898 8607 9773 4002 3755 7435 8578 9735 2606 7339 590 9665 5195 1694 1366 6657 7409 7022 6717 2403 2319 4214 6718 8686 6473 9916 2978 6820 7932 1452 1485 1463 7764 1064 8242 4045 650 5717 8978 8668 3841 5885 7977 3157 6888 9803 224 1829 3855 9038 490 2228 5131 4926 498 3062 1784 7477 6462 2148 7731 489 1140 9948 9436 6618 4383 508 2161 6671 4954 731 3186 9404 3772 3485 6192 9974 1887 7513
70 2639 2845 6388 6017 5893 3685 5980 1499 9153 4869 7347 8758 3358 3741 8294 8820 7767 5666 7919 3395 2958 1605 4375 8830 8454 6484 2641 2210 4241 4462 27 427 8359 679 8344 2423 4353 7895 9258 7494 7769 3126 2765 3810 356 3391 1441 3843 7422 4188 5444 1941 9374 2019 5881 3323 2966 7812 2609 9769 8428 4409 9278 5101 4165 5695 6422 3738 1656 6747 4845 8291 5840 6161 3777 5034 1632 6331 3421 7304 2037 1147 47 2648 7665 2191 9755 7793 5763 188
71 2731 6822 3118 4052 8143 5734 8541 1548 7802 4953 7579 7533 2104 65 3212 6038 270 3363 261 1906 9956 2034 9741 9070 9220 313 2683 626 7497 8440 5334 2917 1016 2177 8405 2097 7224 177 4323 4102 835 4585 9248 8028 3489 1858 1907 7730 1679 9271 205 8675 279 8513 5280 4651 8507 8639 458 5119 2136 2758 7005 280 8866 2310 9024 3263 6652 2799 4219 9723 8519 3574 1159 3716 2524 5206 5088 4365 3636 2417 4099 670 5543 1208 815 9908 4106 437 7393 8437 525 4783 1512 2386 8549
72 2451 1031 4605 2396 2999 1287 5924 238 8958 3521 1422 874 8479 2986 7777 9884 4539 987 3131 5629 2572 2422 2631 5541 1747 3482 2061 3405 2708 2579 935 4334 9673 473 8759 713 4336 5831 8890 7211 6750 6609 6881 8888 5436 4464 7345 4055 9719 4133 5883 1039 250 1134 8310 9141 7260 4738 5397 68 9075 3706 3430 97 4829 8012 6087 2444 634 3383 1574 8500 8579 7882 4997 8410 4318 9475 4973 1171 7516 8556 2349 5196 8824 4324 3912 4593 2945 7884 3455 9636 7174 2065 8403 5678 8302 513 1434 299 7902 9108 9886 1642 1614
73 791 5860 4703 3861 6780 8000 3316 5755 904 8396 7256 4136 7850 745 9742 5236 6669 424 392 9104 9389 541 9157 5402 1517 9827 4886 3988 3725 2170 5528 1797 9419 4813 3544 4496 25 5634 3242 5176 6215 453 5340 9057 4963 7205 1573 3557 2430 7537 6010 1012 2054 3999 7183 9094 7948 189 5071 5137 1384 6916 2903 1850 6994 4404 2498 8995 9750 4298 7655 3441 5813 2664 5633 6854 3253 5467 546 6921 2844 5988 2174 1398 1521 1264 9602 3768 1953 4485 2297 6616 3840 9275 1854 3820
74 8007 5970 7309 7244 812 1322 8669 6190 1944 9875 9011 142 3028 2623 308 7699 9385 9798 4782 4234 8580 3219 6981 8107 6272 9139 850 4816 8325 2847 6247 6104 5961 8941 3486 9794 1037 9133 9409 2090 5122 8577 9046 4150 646 3834 4692 2744 4107 1212 6691 9187 3343 2138 285 9894 8575 8993 5146 9007 3232 9955 2286 475 7247 6406 2074 8006 5872 5728 2180 3885 2307 3025 8328 2000 3849 3099 8589 3315 8777 7495 5314 1444 7157 9887 8193 7721 7012 9770 1691 9511 3278 8933 2711 6433
75 3524 9938 9702 83 6287 9311 5696 9227 9586 761 5852 7867 6261 8240 7627 3300 286 9316 7088 7620 5648 1353 4625 6244 6681 9029 6834 3150 8917 4659 6442 9298 7196 866 5343 6799 1938 1552 7098 5824 5022 922 8285 8333 6150 9032 602 8290 2011 7478 196 9136 5272 5822 3457 4907 5038 1231 3671 2329 157 225 5732 7946 3960 8768 4657 800 7099 4968 9622 3719 1233 6153 9708 5760 2745 1380 1730 2308 5247 2145 1697 4172 2142 2931 385 3543 4665 4003 6203 8828 4720 6151 5875 7883
76 9753 8388 506 7479 545 707 7683 7791 7595 7639 7372 9054 8326 7192 8460 643 1482 7695 7651 8909 7887 9585 1221 6253 6127 9181 1525 151 9286 7561 3426 8182 2585 4252 7818 9144 8434 9339 8239 8666 4931 6714 8871 637 8390 7893 5191 1826 6784 2032 9605 2223 6223 7519 9281 7093 7784 772 7545 4614 7541 779 7412 4025 6068 8795 854 1563 757 6668 5624 6744 4884 6504 399 4540 2899 1787 5967 6887 6019 5132 7971 5111 401 3717 8209 4987 3302 2522 594 7823 563 8656 5413 8665
77 5278 5583 8104 5812 6666 8020 3188 2448 6695 8676 8679 5245 5746 9482 3007 9778 300 6318 3789 6081 5354 3678 6731 6325 8464 9901 6341 8623 522 2185 2420 3605 6045 3267 6989 3722 1634 1447 3556 2856 1327 6527 2109 2815 3331 9318 9806 2415 5290 1190 9247 3668 5238 1824 9663 6818 2520 5342 2886 2935 8353 737 3839 953 5371 4381 9313 8582 7832 8213 6741 456 9523 3994 3553 7745 1376 9641 4528 9599 604 9418 8211 3801 9447 2853 7750 138 9732 9557 7002 7185 2968 8154 9959 6524 5652 3715 5438 9123 5204
78 9907 2066 1066 8644 2593 9333 8072 2089 7856 8971 9223 732 8961 8026 119 9968 33 8534 4957 6452 5178 1690 2923 6692 4442 7523 7128 3640 8330 1388 7778 3500 8834 4689 6083 580 8040 4677 2517 5113 1928 3863 1647 1390 980 1579 1072 6098 5935 8137 4616 4620 9709 1815 2686 3223 5915 7621 1823 5904 2906 1272 2428 556 7807 4069 368 949 8842 4255 5494 3271 6392 4544 9746 4978 3576 5226 9199 2064 6164 5681 3141 9112 7798 6569 9015 5244 1507 4908 6306 1034 1789 5390
79 1990 6959 4038 7720 9807 8019 2697 7042 8603 1615 5664 8710 4202 617 2013 2617 3981 7909 9791 8090 4917 9716 6090 7014 4152 568 649 8262 1652 2163 4707 178 2749 4382 515 6778 7740 6643 607 1957 9728 8562 8226 6123 704 8994 2385 2801 6779 7741 7562 7484 7992 4021 9570 8446 7944 1164 4583 3806 2993 8384 8343 7563 3573 4015 6292 7044 1021 2819 6052 131 9590 2930 683 588 7467 773 6314 3206 7689 3286 5421 252 8092 4789 664 920 7886 8935 2970
80 8256 9593 5647 276 740 3311 4664 2043 5589 3873 176 1254 7472 5138 370 8247 2620 1211 1103 1077 2696 2725 4174 6892 5336 8054 3968 3654 8418 3103 2372 194 8716 5440 4804 709 6879 9431 3495 532 3744 2951 6628 3934 8021 585 937 7420 5439 6806 1877 1244 9229 5700 7975 3532 853 578 3962 6796 9946 6597 8349 3980 6828 6443 6339 2460 9529 3008 6259 1668 7987 4764 970 3106 914 1084 4276 410 3299 5491 9272 573 2652 4982 8797 1094 6322 4333 1184 2655 2823 9352 9432 9964 3020 7696
81 973 2117 4484 9458 7176 3984 1202 1763 5403 1459 7492 4408 9040 9362 2292 539 7293 4343 7974 7815 1101 4315 2955 595 6351 6768 8420 6457 1346 8976 9651 9616 3758 7500 254 5189 4910 9429 405 359 9329 4329 7976 4522 7008 4285 2733 6207 4020 2171 9768 3 1256 8277 9493 5448 8980 5135 5151 3680 2339 7429 3858 193 292 1611 3375 3235 3175 7900 5126 4623 613 8641 7212 4185 8968 839 9065 9250 9135 9506 4701 2484 2811 1186 1464 4118 716 5263 2301 86 4339 9865 9428 2 2525
82 2863 1571 6198 3374 6460 4082 8192 4818 5795 3176 6688 5808 8561 2173 9507 6623 2068 4638 2777 4283 5484 8962 7551 3961 3564 8810 1091 6508 3540 3900 3248 7799 8346 9895 3538 4906 125 7233 5462 5040 5173 1477 1360 7711 4042 9923 4357 6578 8419 2397 7434 2718 4131 8053 8480 3340 5166 2992 3749 3029 8867 805 2485 7997 1619 1277 3023 4228 5310 2067 5934 1284 3617 552 346 14 710 4865 1017 7844 614 8159 5622 9615 750 4678 8647 1626 4944 87 3004 6991 1693 1739 6363 2961 6352 6573 3166 3602 7320 2201 2569 7017 5739 3643 3243 849
83 1711 3476 2598 6271 4092 3322 8532 45 7406 6732 6178 1383 799 5331 3783 9631 7206 7715 9295 593 6877 8383 3616 386 7749 1061 7154 5931 6909 681 4207 2891 2989 5850 2746 7245 1870 6035 9167 9604 6886 8631 2092 3260 2662 132 7669 2107 3633 2504 2833 8897 9572 3224 9892 4168 3499 5455 8212 9147 3757 6121 4525 3769 3782 955 6890 5925 4799 5518 1978 6270 3628 7177 6710 6319 7942 5523 2421 4656 1098 3384 411 1684 8729 6602 6041 5561
84 1249 2395 3180 5874 1567 5041 6788 5741 3527 5031 6416 4778 6496 1173 7482 2155 3388 884 2909 9217 9474 5676 4873 4629 901 3361 139 1311 5127 5962 491 1253 4728 3904 1955 2085 3838 5209 5569 1550 9837 4870 1400 6056 8315 8529 5488 441 2282 1649 8895 5048 3596 3294 4767 6343 1812 8885 9790 7306 9693 2390 7298 9140 4146 6283 40 8132 7401 3292 1600 34 4676 9516 7869 8555 6472 9256 2876 6896 6108 4471 5896 7612 2653 2604 9893 4867 274 1819 6105 6872 9696 6285 9027 6958 5104 4135 8117 4807 4631 7095 5129 4217 1250 6624 3599
85 3560 3655 417 5270 5136 5605 3536 6680 9977 289 8114 9883 1802 7087 6939 4866 4803 2220 9051 8799 4559 1200 562 13 4370 2102 3153 9308 2398 4715 2432 8373 4988 550 7508 7775 1828 5845 4702 6021 2964 3093 1742 2990 660 9292 5422 9541 747 1269 8869 2128 9847 9638 7966 2630 8131 3252 2331 9257 3414 3567 7637 4940 8363 2882 5419 1299 5703 5158 9091 464 6249 7879 3075 9822 4411 4792 1445 5315 9579 7465 2280 818 8035 8462 7904 9236 6937 6995 4741 6583 9164 3948 8265 7921 6938 7397 1239 8559 8157 3975 9864 816 2867 5999 3011
86 1038 4993 7385 5665 8248 7319 5184 981 2946 9910 8055 9713 1403 4604 9375 5261 4459 3081 9551 6635 648 875 3660 7659 1589 325 4424 7960 3774 8910 4259 2257 2101 5844 7054 1717 8674 581 5321 8918 4239 3135 8547 6112 584 18 4048 6644 8189 1874 5353 9980 721 1193 870 8651 8790 7268 695 6913 1011 5892 3822 1386 2502 7758 9062 7928 2196 7661 5011 5764 2192 8659 7847 7916 9634 5675 1087 4795 9202 5121 6188 6459 7859 158 7876 6489 2028 7350 2144 2940 2143 2527 1143 7153 8506 9232 2997 903 6417 9373 6814
87 2242 9841 6512 8680 8076 7132 7770 763 1728 9947 3558 8485 7751 3372 175 5519 1699 1160 1761 5636 6212 5417 1721 4386 3914 9992 3201 8636 7003 4309 3091 8382 8894 4327 1616 9149 7574 2031 6518 1395 2959 4486 9044 1650 2780 1825 7554 136 4149 5950 2006 6756 8940 7138 3160 6762 4977 7654 7111 9640 277 9006 3767 3607 7567 7028 5798 6077 326 9825 6795 5351 4815 4836 4570 4103 3664 9049 5507 8681 4412 3437 8 5317 9047 7553 5214 9777 5914 1320 9692
88 8997 6605 2920 2608 819 4899 7927 2233 4307 9093 1897 5983 3797 358 3205 8083 5933 465 7480 1577 2030 4710 6429 5973 9039 6713 1027 2995 4790 6930 1658 7318 8628 1947 2276 3792 639 7808 6040 4470 692 7125 143 9243 6154 3620 3464 9888 4633 6700 7308 7297 476 4534 1967 9356 4008 8486 8914 1952 5889 3125 2979 349 1367 708 6393 1335 4392 9183 230 6303 1122 2879 4647 8173 9918 2293 2137 8483 3836 9041 9188 4575 459 2612 4338 315 9815 1558 9834 1336 8567 771 9704 7323 6659 1405 2776 6950
89 3207 5577 7633 1334 1234 6245 5030 7878 6634 3089 6675 8811 3184 9535 8217 5683 8295 6592 2218 8249 2877 1675 3143 3788 6465 7599 9100 7475 9649 608 8611 263 8587 4949 6280 4775 9497 2796 7469 2568 7424 3915 782 1919 4582 572 5722 8407 2096 4142 4745 1868 5293 5960 9757 840 3257 4452 9030 7660 1417 6101 925 6420 1608 5198 3787 8056 5123 7229 3946 8079 3064 1106 8037 3356 362 8814 8827 1973 6641 6924 111 6453 1782 5363 6522 4337 8776 9238 469 4244 2542 4510 5730 2378 320 8156 5441 4083 395 8424
90 80 9207 1674 6615 4932 3429 8199 4774 1950 5917 352 9850 7137 5067 9262 6389 5853 1772 8496 1830 7296 3724 6256 5686 2473 3565 5493 8305 7890 3698 9088 6757 4317 2560 3327 363 7673 9146 7258 4961 6329 9565 1734 445 5847 5194 8807 3547 7112 7210 9016 4819 1637 1504 9944 7530 6471 6548 6918 7252 9749 7996 6557 2878 5068 7440 8463 9028 9408 2237 9642 9979 1794 3220 5192 340 1042 9107 1985 9276 3303 7748 5322 8322 8441 1292 8320 7753 6210 3593 3781 4154 5273 5653 5566 6591 1856 3588 9844 9820 8066 2393 1436 2703 2787 7053 9249 3892
91 1979 9280 9102 6357 6238 9613 3619 3419 5260 4834 9417 126 4182 2506 2679 758 4984 2219 4780 975 8735 7559 7208 8692 898 647 7249 16 9960 1595 6149 8497 6338 5405 3696 8838 1977 4468 6204 3403 6968 8701 3433 623 3523 6067 6257 3440 8350 1177 887 952 8401 4828 5257 8205 8180 8207 8198 9836 3453 8721 9842 4059 6966 8868 7307 6684 7439 2277 1949 7943 8843 4081 9284 6642 3577 265 4467 1457 22 1245 2283 1509 2895 3516 9961 749 6335 1206 9745 4101 591 8660 5330 4887 7837 8397 8389 7166 5267 1129 2591 5144 9109 6629 9414 5667 7045 4896 9659 2581
92 6089 8803 5112 8522 3177 3422 2493 419 3332 6197 2974 4959 4203 3076 7301 3587 2188 5613 3852 1005 4885 78 9095 4216 3882 1639 5044 1731 3276 2734 3111 6673 7340 4666 7911 3380 1625 2309 6431 8781 5265 3334 4354 5975 693 8427 1419 8261 7723 9390 5697 7889 2839 3798 1935 4376 2529 3279 4601 9205 3165 4883 9422 6564 8544 6708 6482 9435 2714 1337 2486 3295 3886 2658 7786 8444 4882 5641 1930 1822 605 3043 2488 1121 2558 9266 5865 3921 2162 9689 9568 7686 81 1294 7694
93 6229 5775 7681 3592 7503 3966 7173 4403 3014 1855 6614 1213 3050 8429 5396 403 4682 2544 787 8597 9366 2450 636 5303 4062 7624 5825 5064 5815 7280 8774 7616 3281 6237 6558 9490 2926 8127 9758 885 9648 2443 6397 1687 5514 7920 3265 6970 6078 6543 5644 9843 1370 9513 314 3357 559 2942 6018 7359 2842 2817 2555 6064 3345 5588 1568 6565 1166 1412 8370 519 8596 7739 1443 5724 606 2343 3874 447 5312 3494 4245 6727 8969 7402 8618 4805 5386 3213 6656 7240 4880 2681
94 6534 6355 9603 4921 6240 2249 2739 2317 3347 8809 5698 4876 9001 5275 582 8648 1936 5745 8617 6218 9531 9522 1601 7219 4414 2285 6449 5599 1840 2330 6400 2743 5251 7613 7642 6310 7914 5870 2692 2344 895 1079 3721 3795 1290 1562 9876 2328 2784 7896 3679 2055 7779 3891 7885 246 9971 9089 4178 9848 4480 6655 6147 4958 5877 857 5016 3134 1265 2894 723 6269 376 1344 466 3284 8275 6956 8913 5203 7826 9069 5687 9338 4170 372 8573 6835 8550 1131 6528 5234 4451 8153 6175 7733 6846 3338 8246 1047 5794 6662 6205 4642
95 4776 2687 3318 2094 7636 6114 1324 2625 7265 7931 1726 6031 9254 9817 3639 5383 6358 7789 4378 8591 3308 8416 1566 3513 4250 2434 5323 9855 2377 8369 7744 7109 5199 3590 564 8891 7855 9296 3273 4073 7728 883 8238 889 702 9233 5369 8336 7417 7700 135 1806 8224 792 7918 3846 1119 3117 4610 845 3632 8638 2354 9635 6213 2412 8640 9813 1063 6585 8900 833 6672 2095 6398 9118 5268 7162 7055 1054 6028 7625 2457 7675 9808 6857 7056 6730 1888 3084 5259 5246 8815 701 9558 1718 9754 9142 9759 1496
96 983 6855 5573 7658 8254 785 8630 7677 6633 4509 7970 7448 3192 2582 5612 2366 7566 6396 5019 7509 7351 8027 1006 9609 2557 7872 5162 1350 1524 2908 6620 5023 5228 933 337 2072 5094 1664 7466 8064 5509 8919 2098 6600 6275 7388 2437 6226 2012 655 3444 3711 6447 99 425 3230 6716 9764 1108 7648 5774 5059 6972 4669 6279 9858 3831 8281 7693 4441 2039 5864 8018 3030 9444 4007 6953 3291 60 6594 530 9215 1532 8965 7043 9438 8637 5857 8592 2250 4969 6251 4572 2915 5442 2994 2695 8025 5656 5744 9230 1125 9867 8658 5733
97 9021 7311 3174 1246 5540 1805 2243 7364 6897 6478 1368 4115 150 129 927 8972 1070 7969 6113 3290 3683 2287 2501 9072 62 8594 4794 3902 6658 2431 3233 524 4801 3055 1676 3905 4951 4220 9480 1326 1998 948 8298 7926 6876 3443 7834 9098 4335 4846 3971 3190 7067 1724 4222 4260 5399 5620 7630 7985 9989 4439 2538 4934 7735 3851 7039 4784 3824 9898 2614 9261 7049 802 1194 4208 9391 477 9645 8489 7801 8535 4897 1157 8881 2194 4868 2466 2322 5333 3468 1832 9686 7149 9835 8956 6140 1241 9633 6144
98 4919 2452 1406 7705 7609 2347 6049 7285 612 3570 2699 8068 9630 9561 9871 7199 5470 4548 6743 7522 8380 1399 1502 7021 2674 755 966 1260 4502 1495 899 3952 5161 5118 5632 3189 6831 5637 5249 8703 240 1940 3990 5345 4532 6139 8222 8135 1894 6016 8672 3481 1862 1695 2175 8687 4972 9637 6222 9370 3398 1484 3193 8258 6468 9162 3699 5621 3504 2947 4313 9143 7857 9681 2004 7092 4129 8062 9031 144 5532 9175 7672 8195 730 8873 6248 7242 4965 6942 551 1981 4359 913 7650 9222 6734 162
99 8197 7126 3622 1113 6832 5743 1923 3456 7179 1910 303 1768 5248 3637 5726 9246 7713 6160 98 8058 7343 811 2701 3138 338 2830 429 1553 8851 2554 1771 1989 1152 5171 5445 6987 7571 8081 5866 4554 3939 9486 5297 9359 9830 3826 4453 1127 112 3313 4863 5546 4039 3368 9915 6435 2575 1133 5725 3354 1980 3569 3903 5778 4196 6505 5534 165 3695 8585 1340 6683 3747 6216 9530 5943 5231 1795 8138 6072 5411 4358 8860 2110 7075 5856 1719 6646 7090 596 8560
