500
0 2049 3074 7238 6759 7655 935 4199 3051 8427 5101 8462 79 2480 2482 5715 4248 3514 6587 3006
1 5986 8739 2 7215 847 9361 4787 8533 5782 9333 825 2555 9533 702
2 9409 5543 551 2698 9644 4814 6064 9008 7731 1908 1781 9236 53 4660 7033 6547
3 6818 5507 2122 1515 2155 7533 3371 79 9776 8273 1880 726 9944 9402
4 3493 3589 7718 3877 5769 8639 2639 1071 1935 7792 7219 9748 3935 9723 3167
5 9634 3074 8069 7109 4807 3309 6510 9007 5966 625 8370 7251 79 7126 3894 4888 6013 3423
6 8418 5188 7143 8648 4199 6186 1611 300 205 8879 4562 2934 438 3704 3161 348
7 3521 5956 4806 1993 5578 2347 2123 2997 4630 9726
8 385 4066 4421 4647 5640 2919 8075 5355 4145 4437 3832 3097 3677
9 8578 6537 2858 7659 5355 1532 432 2768 3698 7159 1754 7196 3389
10 5924 7012 3012 8136 9800 8492 5614 433 5811 9939 1557 890 1087
11 4738 5507 1284 3716 2343 6889 105 4843 7949 2095 9202 1683 6582 471 9752 4985 2555
12 5632 9953 2240 2659 7684 2468 8230 4966 1476 1865 3817 7851 9968 6707 84 8661 3032 475 5245 6879
13 5664 2817 3043 6085 4199 6537 6572 237 5682 2390 6295 6395 1695
14 2 6627 518 7111 1757 5643 2956 9968 2226 83 9650 6518 7543 6584 8027 7516 1405 3486 5471
15 4836 7207 8104 3018 6635 3371 7213 4749 7760 2162 915 9013 8917 4440 1594
16 3713 6210 2658 5090 3174 5419 9931 1390 5710 208 7536 9686 5052 8477
17 9314 5507 5316 8388 8903 1032 3592 6603 878 7441 8151 117 6231 2679
18 4960 5572 5319 5640 333 1774 2671 8308 3417 7002 9275
19 576 226 5661 2340 7209 8876 7133 7026 7987 2003 6453 7478 7575 2514 4985 5715 2684 445
20 2433 5378 3202 4422 4314 9004 14 5455 7992 1461 4728 9722 7356 6557 7519
21 5185 5314 8771 3655 9223 8778 4907 7243 3917 884 2555 7867 9533
22 2980 7044 9641 2058 5961 6538 3312 2801 8625 6674 8980 5238 1625 3068
23 8674 6983 3784 9160 9611 2155 6605 3439 2801 8927 3409 4916 9842 7318 8439 5816 3007 8383
24 9219 4548 3173 3911 1064 2506 330 4588 8431 8528 2288 8307 3221 5238 5334 8027
25 6240 535 7302 6090 3468 6892 7213 9244 3728 5748 5175 6806 5751 6748 3261 9694 1983
26 9347 9796 6660 388 2155 6765 4494 4943 2034 2807 5624 4122 5628
27 6306 744 9928 3081 5097 5420 4237 9838 6477 1520 9584 9007 2164 532 9545 9790
28 420 8745 142 9711 114 5971 5589 4373 7736 635 4062
29 4070 6696 2602 3563 8076 5744 3186 7699 8532 7575 3032 8153 7322 6398 4702 1247
30 7552 8386 3301 7751 8092 3211 9518 560 3731 852 8052 5561 5276 2655
31 5344 1504 8962 9635 2311 4456 2539 1613 7802 2332 5246
32 8224 5827 5221 8774 2437 1129 8717 1997 4429 9244 7219 9075 1686 4344 9115 1691 1534
33 545 8994 2695 6407 6218 2925 8399 5007 79 5746 83 2357 3990 917 1401
34 4113 8210 8723 3230 9903 5552 1864 3656 2260 2773 3286 4824 600 8155 605 2155 6507 3693 8683 9968 6778
35 4605 6663 6727 3528 874 8331 1039 7133 3355 4855 5498 1755 7836 125
36 451 4870 71 1514 2986 5962 6925 8752 3473 4082 2834 5780 2675 5715 3224
37 5124 7273 9455 2672 113 2288 8215 6457 9467 6364
38 5314 9506 3971 9669 229 3240 6061 3534 1903 8047 9521 6738 2038
39 4800 6304 2240 3427 7620 6828 4365 4660 4982 9910 9014 4024 9244
40 2052 2340 9864 7978 2314 1229 4656 3122 6520 3641 4025 4863
41 6176 2240 9220 3428 5574 6600 7019 4043 5053 4434 6267 5308 2589
42 3616 7936 9314 6116 5541 7047 8887 170 2539 5964 8105 4977 2962 3316 759 5914 2391
43 2465 8834 9254 1639 6410 7051 7052 5837 6891 1807 624 6060 8844 7796
44 1186 8003 5507 1668 8902 3625 7691 8910 7377 9202 7762 570 3163 9372 5727
45 3488 4740 2405 6661 3332 136 7369 2796 4178 7639 6652 9534
46 9792 4352 5219 5283 4663 550 3012 7884 6349 4333 2444 9811 9621 7030 9590
47 5762 1347 7973 4071 2537 9545 1291 2959 5074 7987 4082 5658 8445 3102 8383
48 5153 5762 9668 8453 4935 6279 1292 8589 4531 3380 502 150 9274 5179 8988 3006
49 7040 1281 9122 1089 3457 5093 6599 9192 5127 935 9516 9848 752 6833 7762 792 9404 5407
50 9729 2946 1284 5412 6374 3210 3628 6381 5198 9842 1587 4696 2139 446
51 9153 6786 4867 7429 3113 8682 8880 5785 7413 3894 7128 8345 7035 4796 3613 2239
52 1984 9407 6113 6436 7909 9990 2151 4456 1165 5712 951 7417 2910 4607
53 3395 6107 1000 5640 298 7880 1169 1494 886 9722 4443 574
54 3524 9773 9070 4269 9968 4465 853 5622 2519 6938 4701 95
55 4160 4736 7010 3747 9032 456 3243 9842 979 8692 9621 4214 1654 2104 9210 7516 5950
56 6723 8836 8324 6616 3304 935 714 5418 2892 3116 4238 3100 4234 238 4855 5683 5527 9688 8444
57 3936 932 1349 7365 6503 3752 4589 7598 5848 3476 5045 8309 5717 3448 4150 1114
58 1248 4992 1157 5958 2407 1926 3077 7147 9009 5266 2834 8146 2197 6935 447
59 7296 8325 4111 9623 4636 9256 6825 6452 7861 8378 6842 5956 7878 2643 84 5340 5343 9443 488 9453 6520
60 5506 1735 9831 745 6732 5326 2165 758 5686 1308 1437 4766 2591
61 3041 4996 8134 7721 842 4683 4908 9007 2673 951 7480 2555 7389 4351
62 3968 4770 3683 5219 2952 2541 4881 9975 314 2813
63 2240 9250 1411 8579 4933 4264 1097 7912 3761 6933 7061 7864 6426 7291 7644
64 514 6661 6278 3496 2217 5706 2219 6730 8125 7699 2012 6557
65 5792 3939 7481 9453 559 5488 6480 3321 3578 1275 2652 7773 9087
66 5216 6785 8345 7427 7460 4356 8777 7933 587 5421 3824 176 5715 6613 5014 7736 9113 8189 5503
67 2020 5412 5512 6730 8077 9008 4721 5841 8947 3733 9850 2332 5085 7519
68 5730 5957 9573 606 1130 4554 9674 3726 6318 2734 6418 9463 2360 9244 3550
69 9952 8577 5122 547 8356 3012 6712 5912 5873 8149 6840 6809 216 735
70 6979 8291 6183 7240 695 7371 7727 8687 7889 7314 6962 79 8821 9239
71 1216 4440 548 7333 5512 2954 5739 8558 9903 5264 2257 1139 3894 1592 9211 9629
72 4674 612 3396 6692 3721 4457 7997 2669 9682 9686 7836 9437
73 8483 5572 2275 3877 6919 4681 8108 7278 3441 7092 917 9782 3894 1372 3486
74 480 8033 2 68 644 2217 8105 3378 3059 8498 4502 1943 4988
75 2208 2212 3525 7174 9128 6153 2094 271 2673 7603 2456 7678
76 8448 9693 8322 1542 4528 2962 3030 8214 5878 3993 9308 1405
77 4608 9280 4162 4708 1256 2633 8272 176 9876 1558 3358
78 6273 321 5507 3783 1259 1229 1870 5647 4401 242 3060 9589 6937 756 1972 5401 2900 3839
79 3490 9059 870 135 3723 9419 1835 3150 2732 2480 8433 9007 7699 501 2842 2140 3199
80 32 8672 6178 732 9503 7115 6604 8813 5293 6544 1905 5877 6613 3226 5596 7486 1727
81 8161 7969 1028 1348 3877 4489 1002 9739 2707 5844 1366 3707 1500
82 4928 1025 2146 4514 4100 1288 7997 5869 3567 7666 8444 6680 7866 3675 8988 4476
83 4737 5058 8423 4616 6633 1319 1038 1552 4051 6996 4348 2968 9533 572 7293
84 609 8097 2147 3971 1889 7448 7652 296 1385 5193 4045 2863 3602 2163 116 2552 2104 6846
85 7973 2054 5991 4361 4234 716 8685 5806 5935 8332 3758 4693 9942 9238 952 6618 6909
86 2240 8353 8994 2788 1572 6 5703 7560 776 8177 915 3219 7352 921 3164 3197 9182 3103
87 4896 737 9379 8644 9701 323 3814 4011 270 8273 9074 5141 6101 1303 9438
88 6178 9093 5382 7175 7689 9579 1003 2029 9551 2319 2962 4981 475 761 8027 2111
89 7233 8865 6534 5767 2182 2985 935 6958 366 9650 1586 1272 1594 5757 5341
90 9953 6086 9704 1592 1674 7309 4526 6320 1841 8849 883 3958 8952 3128 4157 1343
91 6233 1473 9216 3520 2436 712 9801 1610 3185 6258 2677 9718 3577 7199
92 6305 8606 1348 8867 2361 4873 5930 1771 6346 9745 9842 3220 1177 1757 4990
93 4672 2557 9210 5763 1700 5097 218 9518 175 6067 148 2643 3894 5018 4890 4349
94 2243 1990 6569 4267 9644 3504 9458 3987 4439 8605
95 2784 801 2498 2307 4415 3463 3303 1471 2986 9129 6161 3441 1073 3665 9081 2267 2591
96 3657 7756 626 7539 8308 1045 6517 9842 9561 9018 9115 7743
97 2308 1956 9990 1415 6666 4588 6607 3152 3441 4209 2194 5104 4020 6461 3646 1375
98 4352 3297 805 8168 169 7338 7856 8945 7153 2291 436 3507 6547 5336 8889 7902
99 8768 3873 2691 5027 197 6692 3403 334 1646 5618 6170
100 5792 3034 4486 5895 8297 1226 650 7950 466 3987 5715 378 9243 2111
101 162 2178 2147 836 7144 3403 2573 1614 5364 8151 7608 2426
102 1089 5283 2724 8325 9766 231 2920 3820 8460 5677 79 8336 1552 8381
103 8288 8353 322 834 2240 8006 8134 4202 267 5900 6476 1324 7788 5555
104 5796 9861 7271 7307 9969 7506 1075 6870 183 2041 1916 30 2751
105 9947 5889 4706 321 738 3074 6888 4653 8462 655 8336 17 3506 9199 2264 7705 1339 3835 5566 3839
106 1344 6305 6786 4485 133 3877 447 238 3698 9075 3413 6805 1942 4824 3293 9566 319
107 5536 8515 6724 1343 7783 2986 4107 5263 1872 6448 8598 3734 8696 9244 287
108 9408 1345 7713 7245 8958 1680 3315 181 3125 4317 6906 1564 7709 158 5503
109 7456 321 9666 7682 1319 4456 73 3946 681 7980 8331 3567 8659 6644 5880 9401 5502
110 4130 4037 6506 2924 8590 3630 401 1874 9746 8562 9842 6267 8351
111 1408 6182 1255 8775 8521 2637 4494 2736 9842 979 7287 219 1917 894 7007
112 2880 8193 1378 2 5924 2342 4326 713 3689 843 9129 7120 51 8852 7092 3126 7159 3897
113 7393 2019 8166 6695 4103 5995 1357 1299 5268 1054 1212 7166
114 9504 5729 5444 8293 8966 3271 5380 1745 6676 84 2327 6040 569 122 4094
115 1986 930 4324 7225 5191 937 3163 171 811 427 2158 3601 5813 2327 825 1019 5503
116 7179 7949 6290 3354 3877 5543 8624 309 6592 8387 1731 83 6491 9819 991 2913 4199 5867 9585 1907 3452
117 4130 7043 6563 2665 6636 652 7791 6803 5652 9462 6487 8893
118 7526 9703 9224 1948 427 2700 7565 3821 3343 888 8212 4408 3417 9723 8412 6079
119 6560 2084 6327 3783 7466 1066 7180 2862 9582 8693 4214 9783 7126 8441 3067 5053 9438
120 6785 7652 6940 8941 5902 7055 9487 8078 6963 500 4597 7252 6583 5500 9820 4061 319
121 4865 5 4360 110 7438 3505 9075 5685 917 5623 3221 6649 6202 7733 541 4894
122 3012 1029 4583 426 3697 4626 6547 6646 1239 9528 3421 5918
123 2849 3265 7491 8614 9032 2153 2986 6155 4760 8529 4532 1238 5720 282 7678 7647
124 8224 3264 742 1863 3207 523 3182 1752 7952 5744 6098 2456 6938 3612 1407
125 2401 6083 3781 742 3655 1129 9149 7824 4564 661 7799 2940 7485
126 3936 4193 2 5251 321 9958 8550 8263 3913 3179 8716 7883 3438 6030 4560 1137 7153 6481 1117
127 608 2209 4033 1251 9511 5290 5869 7599 404 7381 2391 6681 634
128 8193 3266 9125 9958 4647 171 5426 7925 4248 9530
129 4001 7204 9796 4936 1320 2058 3500 3856 9842 6483 6739 5043 824 5981
130 5504 9987 6119 6024 5800 2888 3115 621 4442 367 912 7665 7922 7153 3316 7413 7738 5821 2399
131 8385 1412 5062 3912 8521 2698 1259 8873 5898 2510 207 5715 1846 3324
132 2848 3363 9926 3371 6703 4336 8687 9086 3635 8722 4277 6455 2488 4697 61 4958
133 2119 7721 3946 1705 6604 8429 6973 3121 3220 3062 3032 6108 6205 4863
134 2114 3586 9253 7302 4871 744 5417 8138 6054 1742 8336 2256 5393 8368 9904 8692 3094 8887
135 5921 7458 6985 2666 6635 9244 7726 111 4529 658 1747 4500 9302 952 5912 7222 9722 3452
136 3202 4985 6552 5575 3881 4522 5707 1067 2771 5206 9720 7257 6044 511
137 8065 7073 5412 5832 8553 3822 2960 7292 1330 4380 6494
138 131 1670 3081 9610 3466 1932 3477 670 287 9640 7861 5302 955 1979 2114 8134 7880 8269 1358 215 8537 8681 9838
139 7553 6755 1606 935 4170 3627 1038 3291 494 4824 564 1685 5815 8920 4282 6075 7069 9694
140 992 2121 5354 682 6285 8750 625 4146 5715 3285 9497 3995 5470
141 2400 2 7997 3565 4370 7731 4019 8886 1625 2972 6333 8575
142 9889 1923 1827 2365 6897 6194 2225 757 2807 4314 6939 5340 2621 9887
143 3936 4838 7911 9326 1359 3536 5682 4626 8826 9663
144 4320 321 7429 2374 2121 8812 6158 7791 1038 6161 2674 4531 6031 3919 7861 6584 5818 8027 7036 7038
145 8929 6949 390 2120 108 8379 5339 8748 4176 8886 8473 9019 3260 8221 1374 1119
146 960 3320 8227 8419 9509 5254 9096 5480 3912 4650 5198 8528 2129 6354 6672 4340 6328 90
147 9984 1602 9219 2725 743 3243 9244 1550 7022 9359 7313 3763 5300 5402 4604 7806
148 9089 3106 2 71 8743 6185 1481 4844 6636 7343 9713 4982 1270 4734
149 3360 5537 8673 6305 2693 6 9353 8234 798 5267 5173 5150 8670 4447
150 7428 3722 4619 8462 8175 5456 944 1748 2452 6390 5336 9050 2619 9917
151 6528 4897 7652 4901 8134 3784 200 2858 5962 2188 5805 9966 8525 9071 7314 692 6324 6778 7579 1052
152 7520 3650 8422 6426 2701 4400 1105 2419 7416 7866
153 6784 612 9733 7652 135 6988 9007 7089 8596 4825 1563 4859
154 8193 4067 3878 6270 2861 2130 7603 7699 6485 6778 5913 7706 3134 8191
155 6720 9380 5156 5543 4650 5773 526 8430 7292 2990 7026 1234 3987 8406 7351 3452
156 8389 6214 2536 3211 2893 9007 7344 2288 340 4186 348 2590
157 2817 2566 1639 936 3303 7435 1260 9101 5391 8560 979 4342 4118 5816 6171 7517
158 3521 321 5219 6472 447 5803 747 9804 2681 3090 4049 6996 6805 7353 5119
159 4192 321 2242 7234 7942 1517 9039 1212 3539 8062 8918 1239 3675 252 925 6718 9311
160 6145 3714 1411 6530 4313 9254 1479 6633 3565 8984 1586 247 6616 9273 9471
161 3108 6629 9288 1192 7304 2027 2796 2318 2288 9813 4377 8411 4348 8382
162 3619 8964 5830 2695 8904 935 6922 2155 1743 5146 4411 5148
163 642 2982 41 5675 9931 3279 6737 8884 6004 7388 5022
164 7391 8611 8681 8430 3182 8244 3254 3830 4729 9882 3743
165 7296 9090 931 5286 6157 4143 5999 7762 5715 1844 7254 7480 1561 6554 7965 7263
166 321 2530 3555 6531 6437 2431 8971 7500 8270 5456 5752 4443 8895
167 352 8546 8005 9222 8487 8894 6254 1582 2895 2932 6836 4248 4057 2555 350 1151
168 2790 103 9064 8071 4330 8486 6480 6160 2962 662 8470 3449 7899 2527
169 6112 9474 2114 4391 713 5294 9967 9075 9077 5337 9243 1663
170 6016 2329 2760 447 5064 6571 13 2286 3406 7599 5967 8945 8371 79 2649 7423
171 8994 8677 7429 7144 1995 1228 653 6571 5938 2680 2650 3775
172 5026 9892 2855 3018 3466 3340 8970 3536 6224 5913 5014 1241 1371 5023
173 8676 8071 2503 5609 5740 9710 8125 5392 2864 9938 4498 3607 6778 9469 3454
174 4192 9410 3804 3780 7 8777 3004 6861 3758 7442 9490 5715 9402 603 1852 1534
175 960 6081 7138 7011 4004 4774 935 7240 6909 7049 4843 813 1038 6413 1680 9841 1689 765
176 736 739 3716 8422 2854 4199 6986 7820 7633 3377 4531 6613 1015 9947 2327 1279
177 512 3936 8994 2627 164 1157 4774 8871 3528 9513 2445 3037 4020 4441 8764 4445
178 2240 5282 1796 38 2407 552 935 7274 7341 5839 5711 3281 5016 6236
179 7648 2244 7204 4135 6696 1385 2121 9712 720 1040 2867 2804 8854 7703 2553 3130
180 8450 2308 4902 4377 7176 1098 8683 5133 144 4882 564 951 5241 4123
181 5122 6467 1668 5385 5036 9646 4594 3827 1938 4758 8470 9018 6938 7453
182 7360 7489 5826 229 6537 9037 9102 7791 9139 500 1012 4509
183 4934 8075 780 3055 8889 5652 8405 1590 3992 5657 2559
184 8642 8163 4518 1095 4136 489 9933 8174 2609 2962 1555 8787 4531 3032 8573 6943
185 4096 2436 4935 1226 2605 973 909 5134 9007 4987 4286
186 1089 7779 5445 3785 490 6315 2953 8841 7662 7438 1014 2168 2555
187 3074 5926 4138 5292 2670 5775 6672 6834 2483 9618 436 3479 5240 4538 6079
188 8483 3428 6245 419 5412 4055 2868 1013 6583 3288 2143
189 321 1698 6373 1670 3912 5672 7180 6258 2962 9691 7100 9756 4479
190 3299 6375 5514 1292 3759 8125 3283 2292 7219 3351 9016 1626 9533 8830
191 9762 5413 7686 6311 1000 4363 587 3758 6608 3923 979 3766 2076 4317
192 2306 4035 8324 4869 5385 925 5327 7986 630 3287 1464 7997 6207
193 7906 5348 3012 2599 7240 4314 6571 6831 2013 6993 6577 5554 7699 79 4410 4923 6781
194 5058 674 6340 3012 8045 398 9197 6838 3254 4185 6938 4955 6556
195 3361 4421 6213 3691 1389 685 1869 9199 1489 7666 7762 6228 3128 7641 7162 6459 7516
196 9408 3104 1798 2374 5704 7913 7914 4011 872 557 306 2962 1333 341
197 9696 2752 8673 2 1375 1256 202 4047 7376 3728 7027 2454 8601 9180 6493 6527
198 8930 3395 9284 7079 7432 1833 1482 2568 3276 8972 5069 3111 3728 1576 8491 3539 6707 7795 2109
199 2531 5412 9605 4805 5821 7652 1868 2188 4338 3126 537 4314 5405 3966
200 8801 8066 259 294 9867 8460 5103 3638 3158 9214 4927
201 4608 2240 8546 6979 6245 4606 8775 7429 3726 6702 1871 8030 4147 9172 3032 3837 3422 4191
202 5057 6209 1987 8549 3526 841 525 2961 7762 211 6613 1174 7413 408 8124
203 8256 8193 67 774 1830 7146 4266 3756 236 1806 6733 654 8147 5748 4309 7413 5783 6300
204 1601 3976 201 4780 8557 2126 9644 7727 4528 2962 8406 9082 8383
205 4802 7109 5577 1643 4496 8176 4400 7861 8281 6557 638
206 321 8994 935 6878 975 8370 9277 8660 5557 3064 4601 5052 4829 9886
207 5283 427 9709 2125 2961 697 4348 1205 1014 3929 2971 1084 5853 8415
208 481 2434 7657 3469 2063 5426 6389 3032 3675 1755 1660 4414
209 5633 1637 6568 2962 8851 8435 5078 6615 8568 57 3196
210 929 9217 1894 935 6952 4488 3977 8586 6381 7949 6673 3665 3990 9052 1470
211 3969 3079 1129 3195 6125 7344 5425 6641 9616 2555 5336 921 2971 126 5567
212 8037 935 1832 5834 5739 8491 4525 2445 111 144 1209 91 6875 6719
213 3553 4578 8995 4250 6920 8969 2188 5455 1168 8687 7413 6168 7226 5150
214 3041 7938 9698 1732 4391 9704 4840 4616 7308 9842 1430 8826 3227 7197
215 2656 3329 4325 3877 7211 5291 8238 4402 9395 4084 183 7738 1083
216 4192 7489 898 5890 5062 4103 8040 5800 4555 7437 9180 7965
217 5955 9401 261 5606 7333 72 7880 2028 8207 3215 7153 2962 9557 6903 7385 5372
218 5281 4129 9061 3941 5446 1035 9522 3091 4316 3318 9654 1849 2172 8125
219 3651 6788 7076 135 5608 684 4685 6866 9395 6487 542
220 5985 2148 7684 2534 8196 2855 9353 5064 6655 9103 6897 8991 5660 8191
221 2305 6785 3047 1420 2669 8761 6834 1363 4825 789 1433 6238
222 5504 2240 1666 8994 3074 3525 5381 5447 8968 8458 7211 1613 5840 4311 6171
223 8165 7655 296 328 583 9516 3534 5327 3316 2236 1501
224 5792 6502 2406 3176 8521 5323 846 6608 6386 3830 9753 9981 6014
225 7235 3683 7142 4775 6408 2986 4011 139 6830 558 1489 8498 2422 5943 5400 8505 4378 830
226 5601 4961 9860 2789 5481 7306 75 3023 7216 5169 2904 3989 9656 6842 1086 2943
227 9504 352 4867 4261 4297 6188 79 4400 3347 4598 3801 4636 2429 2073
228 5636 2183 5897 5770 3603 7197 4527 1205 3005 1856 4418 4035 8645 6855 9544 2002 2388 6487 6617 4442 8029 7143
229 5024 12 4270 2095 7727 9552 7120 9752 2810 1212
230 321 9122 4611 1444 194 2887 6088 3818 5846 3191 8858 7100 1117 3839
231 2977 7172 7942 6537 1483 1644 6573 2288 8307 8212 6325 4664 1594 6139 8028
232 7776 1025 6530 8091 1668 8915 7284 3830 5975 4187 3100 2941
233 321 8419 6180 6439 4423 7119 2706 8723 1299 2455 2457 8602 2685
234 9921 5762 7205 5669 555 5388 7148 9848 335 5848 883 3254 7447 6584 7327
235 321 8197 6533 5032 5869 7919 4944 9873 274 2898 9968 8118 6936 7103
236 2722 4987 5410 4326 8234 511 7628 1134 8020 1204 6938 2683 8575
237 5186 386 5988 6661 6595 4484 8622 79 5041 627 2643 2773 5654 1719
238 9761 2685 74 1067 7120 2385 948 5143 6038 6710 7319 4442 3804 2045
239 2 9795 4154 4101 1924 5959 8346 7048 5677 5265 7665 6931 4243 2229 8532 7732 2906 8797
240 159 5730 1603 8908 4717 3149 9308 1809 6994 3673 2015 3100 8254 2655
241 224 225 6914 2567 8521 2057 7501 79 5619 468 1140 2003 7732 8346 1340
242 4131 3302 3174 2376 4199 1487 4496 2451 7381 4122
243 6500 6948 4324 8839 9451 8973 2222 4047 3504 9169 4594 8179 9139 8854 22 5341 7769 860 7933
244 96 5506 3234 3492 7589 3494 4326 3208 3314 7288 8922 6426
245 2336 4100 4200 5064 6538 7983 3312 5457 6901 3606 3063 5561 6429
246 6082 323 5882 3146 9674 9848 1389 9983 3988 1109 4024 6324 1016 5082 3807
247 9315 5540 677 7049 4010 1165 6797 8749 77 9968 9842 2840 4761 7005 7519
248 4896 2 5062 4060 3371 6989 4495 2896 9301 2969 5372 6557 9983
249 2117 5783 3690 5578 5644 1994 9912 5009 2643 8152 1752 2265 7130 2749 2238
250 9024 486 5133 9650 9842 5748 9429 7289 2170 1564 1951
251 6817 3619 5957 587 7856 497 3123 2518 2038 4158 4286 3261 6142
252 130 7684 136 6153 3882 5035 2894 569 113 2962 1299 5531 3063 792 5145 9850 8603 2142 3519
253 6528 1495 8294 2983 3534 3055 5966 7153 7762 4179 3765 3735 6745 8121 5053 1279
254 281 968 2217 4972 9848 8462 4825 2776 3161 3803 6813
255 802 2743 5194 632 3023 7312 5394 9075 4212 852 1206 5463 6328
256 8829 7837 935 8552 3177 4842 8460 3949 7181 5966 1081 732 8285 3966 3839
257 4985 5572 8872 2347 2699 9965 3441 8148 3356 9812 9046 948 921 1370 5748 1660 8989 5214 6134
258 5219 8996 8357 6054 745 2346 5099 7533 7825 8031 895 6360 89 6298 9627 93 9947 2751
259 5760 4641 8736 9892 4198 9356 1708 2610 5172 9205 5109 8406 5369 5594 2975
260 1183 7873 7362 5412 6463 9065 6666 2377 1266 3442 5941 1246 6655
261 2592 769 5762 5608 8458 9244 79 560 1491 9491 4184 7385 7547 1212 6398
262 4097 2178 7138 2660 2181 8733 5821 330 1963 3216 6868 4921 6973 8223
263 6244 9643 4011 8175 3824 7793 3023 3891 8244 1492 1853
264 1121 3522 1542 7175 9992 8265 8617 9990 8685 4369 6357 6581 3032 8088 7326
265 2433 3043 8581 3591 5448 4041 1385 3783 2892 9229 1934 113 7987 9109 1334 9013 1561 9181
266 8224 6947 6659 1574 5739 2188 5454 5848 79 2962 1364 916 7029 9079 9940 1913 8414
267 2240 5921 4002 7110 1094 5256 9032 4620 4723 9557 279 5848 2810 3131 1053 9979
268 2784 4481 7971 7972 5349 7589 5606 5674 7725 6575 5393 4532 1332 5750 6490
269 866 6179 2274 964 4294 4199 2775 7918 7667 9139 309 1622 3095 8697
270 8864 2240 2279 583 8457 647 3375 1904 5296 8431 2931 3992 1080 3226 1501 767
271 3363 2948 7140 9384 8585 1803 2130 6226 4372 5045 4182 9306 8671
272 1025 1251 8517 7751 5224 9682 7124 9557 2934 7226 8443 2973
273 7584 2819 7657 6993 3571 2068 5748 7732 8568 2201 3934
274 3169 421 7334 2566 9191 5769 1545 2093 9968 4951 345 863
275 1158 7207 7816 8775 7806 8139 7532 2790 4366 2190 7664 6801 2962 7949 3292 3870
276 2816 6374 5608 937 3753 939 2895 8080 207 9842 5715 501 7353 9306 2683 509
277 321 4931 9987 4485 2074 9159 5543 2794 4619 9903 4400 624 79 5491 5044 6613 5658 5340 7230 95
278 4609 9380 5318 7210 6893 2797 4016 500 4692 6103 408 6010 8669
279 3136 6883 4005 3077 6472 9545 2221 14 978 2226 1814 7608 9533 1117
280 9186 5058 8797 6342 6376 2986 378 9521 5745 9593 4282 8317 5823
281 8797 7461 6469 3623 9720 8073 5001 139 4199 7277 9968 7377 9112 2557
282 9757 2749 8520 6473 586 6635 876 4077 4686 8716 1522 2418 5595 6327 377 6907 5948 7069
283 1668 3912 9609 3562 3467 5676 4717 7278 3915 2422 9978 7357 2047
284 4075 7915 3407 6225 9170 2962 7637 2263 7928 8603 2781 2687
285 3232 3202 5762 4999 8 7466 8427 9197 8879 9309 7413 3768 9307 221
286 3168 5252 3079 9609 6249 2986 2381 4430 6030 8531 6547 5749 4341 5146
287 4962 1668 7112 9770 8236 4109 7725 2447 1487 9009 1842 3758 9885 4478
288 8160 6209 9025 4771 3044 3074 5062 5412 6920 6255 7153 1170 1430 2521 251 6014 7231
289 576 1600 7713 1860 456 3913 9034 9739 3371 208 9073 944 5753 6363 1308 9598
290 3841 5602 6177 6664 1770 9580 8083 7543 9464 9979 6236 5437 2046 2751
291 6592 4801 8642 7575 8903 7368 8618 4760 9232 7538 3699 6613 214 2007 9336 1979
292 9728 2081 2371 580 9510 2608 2129 7128 4987 4732 2877 8062 3103
293 6176 1431 8386 1988 1799 5193 3658 5771 6701 7311 7791 1714 1527 6712 8990
294 8994 3875 6884 9349 3012 5433 5613 8590 9390 4856 2288 9555 5204 3064 9721 5212 5438
295 8161 355 5799 8904 4170 2924 6477 461 6607 7949 9041 5075 8949 3799 2392
296 5057 7142 8263 2216 651 5483 9137 2449 979 4948 2962 8854 4476 2269 1758
297 4098 5698 3012 1609 5899 1774 9231 1906 4851 3735 1336 5625 923
298 9475 6500 3301 8361 8108 1042 9842 4054 4342 7801 1562 2140
299 9664 1794 3012 1287 7880 3881 4490 9289 7851 4365 7116 5962 2066 2548 8630 9943 7096
300 8224 2821 4166 6855 6248 3559 4837 3271 5996 2989 2962 6260 2263 8343 7419
301 8865 6116 1318 3082 9626 6929 2516 9306 2716
302 7522 6405 1703 7500 8237 2157 8079 3665 2962 9075 5300 7699 6714 6301 4639
303 7170 6371 5122 5733 7654 4871 7880 2 5229 3982 6511 626 3769 4573
304 323 2980 6632 9930 8767 4703 1436 6482 9046 6552 3225 2842 4988 2559
305 8450 1666 2979 420 2758 1127 8293 8234 5548 4045 6001 4286 3998 148 9941 6325 5497 4380 254
306 2304 4935 935 235 7951 5809 4915 5972 9653 3510 6649 5628 8989
307 9600 3457 2021 677 7496 9104 7697 8888 4761 9915 381
308 897 9857 9377 6241 6274 7652 7943 6888 205 7438 7695 2288 9589 6202 766
309 6339 5380 6889 43 4844 2347 8622 9615 17 6453 1368 4506 9500 5277
310 8832 866 1668 261 4934 4858 72 8293 4184 4815 9616 1425 8499 7733 1592 5274 411
311 8740 3496 1833 5993 3054 4750 9552 80 79 7413 2553 7546 443 3836 3389
312 8195 5287 5193 8587 3885 7310 1774 2097 979 792 409 3387 3324 9085 3711
313 321 2114 3043 3364 3301 9476 425 653 6606 4888 5458 6355 5715 4181 8279 6040 1626 7452
314 8193 962 5445 3686 7463 2473 9545 4843 2188 5425 3894 5240 3353 6527
315 2240 9667 8772 3012 2571 4907 7949 4847 9460 3669 1461 6971 1149 4030 7103
316 576 6208 2 2439 2683 1643 4589 4143 5747 2327 4472 3003 284
317 1024 5508 8041 588 365 782 8847 2383 2737 5775 8724 9621 2998 5437 6015
318 9927 2600 5160 3020 653 3600 6929 5297 8818 8753 3703 569 4988
319 2400 769 4230 583 8168 9257 5513 4362 5322 4199 527 2608 7156 5595 8542
320 4739 7365 4765 1513 4489 7915 3147 3726 7086 2288 661 4373 7960 1625 9277
321 4672 640 7528 4393 7432 7211 457 7405 3310 3023 2643 5397 7480 1241 5147
322 9345 6337 4993 6821 4519 905 6413 79 4401 657 2423 1560 1241 2136 5278
323 2592 7332 6404 5513 1560 6795 5329 5330 3250 2674 5748 7733 5458 4760 9914 3004 5725
324 5285 4357 6569 2121 716 7661 7694 3022 7248 979 4600 1145 1372
325 9402 172 79 6768 6225 7089 5651 9333 9013 9848 5274 2333 8702 8511
326 8353 5314 6147 5858 7526 9256 9160 778 7902 9298 7250 5523 3830 5784 538 4923 6685 4958
327 1892 2853 5637 293 2600 1675 844 1166 9007 4401 7959 1981 9182
328 705 3074 3140 644 585 5868 6380 557 3982 2704 5298 3059 1173 119 8250 1534
329 5249 2530 676 3528 7818 1547 1163 2768 2032 5715 3028 3446 5304 3163
330 2273 9698 9123 356 8294 9094 3784 489 746 2776 8431 4433 9075 3989 9624 2108
331 3329 8035 4420 3012 5412 5416 3882 3979 4875 7902 1710 6030 3216 6196 5237 8663 2426 891 829 2558
332 3270 6439 378 2935 3728 3986 7731 2962 2134 9367 6230 506 6296
333 7296 162 7429 9094 6791 586 8716 9933 1584 9651 4313 6938 2108 6205 255
334 1538 9511 9739 1790 6607 5935 919 4403 3829 7639 5182 6494
335 6432 4193 7234 5763 8517 325 6926 2164 375 6392 4345 6938 6651
336 7200 4705 5662 297 2890 6923 9918 1074 6995 9842 9246 6327 6906 1564 1726
337 6534 5735 3400 4391 4938 712 3820 2286 3952 3568 8626 6161 6901 8054 3895
338 2688 7457 8130 6528 5762 1701 8166 8295 8296 1798 2637 3728 2289 8150 7708
339 9249 1383 6857 6220 5549 2830 3982 3410 6388 8536 8345 3835
340 5568 9984 843 5324 1452 7249 9361 7603 4020 6774 183 985 3069
341 5789 6183 5386 7178 8811 5483 5583 9007 5811 3284 7155 8564 8504 285 1341 2943
342 6401 8803 2615 5734 9926 2155 1742 7662 7153 6226 7955 2260 9524 5940 8887 3421
343 2113 2915 8196 2823 4392 9611 9244 1265 630 3927 4310 1878 4311 9980 5502
344 2116 5062 5510 3849 3436 1871 2928 5011 7156 2260 4501 7219 7130
345 8032 8195 9668 5285 8488 7177 9036 8590 7311 1042 6297 1402
346 7779 2119 40 7 810 45 2510 6384 84 469 4086 6264 93
347 7559 6119 7048 6600 3787 935 7757 397 2288 913 3474 8114 2962 5527 7227
348 7558 3271 2186 1514 8301 2864 9552 1808 2288 8245 2422 1050 6171 1117
349 8100 420 2993 7985 3890 7121 6006 7576 2078
350 5411 230 3783 9163 8335 1653 4246 7605 1144 8693 2778 2076
351 32 289 3425 3815 7018 5292 2514 9586 8212 2014 7198 569 2234 6075 8638 2334
352 1889 9571 195 9864 7019 7660 8304 8952 8017 9404 152 2168
353 1540 5893 3717 6570 7564 8496 5681 2450 6672 6613 5590 4600 220
354 5155 8744 9129 2251 7949 6702 5530 5326 3698 2258 7994 4220 381
355 1158 3016 107 8812 5262 9054 2450 8116 254 7578 8029 3678
356 5507 4901 2918 8168 5737 6602 139 5740 4620 5870 1589 4666 3803 4349 7839
357 258 9411 3012 197 6021 6600 8745 7243 878 1657 9971 7832 7577 1116
358 9537 8417 321 3876 8644 7432 9449 330 9418 7946 9966 7120 7410 596 3100 7390 2943
359 8745 555 3437 8173 4175 177 946 2962 4373 2519 4506 3388 286 5247
360 4993 2438 2854 7051 9291 8491 8174 4687 2322 6933 8567 8248 3994
361 9472 3682 7938 6884 3461 5576 7242 6539 8107 7949 2288 1841 5235 477 6687
362 97 5442 1347 8005 3018 9291 7471 8019 8115 2838 9436 9023
363 448 2435 7524 3427 8070 6054 2121 4490 7051 155 9005 9460 886 7323
364 8130 3491 8068 7 1003 3982 3408 2897 4081 5138 4467 5715 4790 3894 1942 153 762 9499 9469 4383
365 2402 8387 3557 6631 1927 8393 7336 3467 141 9586 4021 1718 7257 2555 668 5149
366 352 3202 9446 5606 4391 3113 3022 7407 48 7152 4628 4762 2331
367 1634 1795 5 4489 7691 1804 5004 5998 3023 3416 506
368 2048 769 5412 1575 137 9514 7179 5451 3821 8621 8114 6581 4054 9115
369 4128 3553 5639 232 9006 8689 8307 2612 3828 373 1079 8024 5532
370 6088 4712 204 2765 2060 6896 8788 6709 2804 3894 6201 4891
371 7136 1221 3942 4329 9961 6601 4976 1618 2995 3602 634
372 2464 3778 8386 3588 6051 1255 4873 265 811 3991 181 7126 5685 761
373 8449 995 6308 5447 2539 1228 5867 9709 8125 979 9656 1787 7772 2493
374 4707 9861 3173 9416 2025 8554 9515 8619 5709 206 3534 7439 8439 2841 8445
375 5884 2054 1544 7530 3146 9930 5551 8847 3763 2555 6427 6140 1022
376 2272 1896 7081 5869 5967 6895 9745 8722 5202 9042 9299 7126 310 7418 4411 6332
377 769 98 705 7524 1572 4962 7239 5447 9640 3371 2925 8271 4628 1496 3451
378 8673 9123 2535 3176 616 2313 9003 6319 656 5967 6771 7098 447
379 7328 9123 6468 453 6119 3111 427 1620 5205 9495 766
380 1635 5219 5381 1605 7782 5481 3243 79 4817 5202 4274 7092 796 5693 9822 3647
381 864 6664 5515 7609 8717 6606 5422 3543 6584 4953 766
382 5225 2378 7022 8527 2894 6512 9811 342 9402 732
383 6497 2 9795 1991 2026 9739 8138 8013 7535 8431 3377 3602 7700 4669 5758 895
384 7776 1605 773 6727 6584 8746 2572 3822 2325 3383 760 1951
385 2240 4034 2040 8772 2818 5446 7883 5455 6928 2191 2258 9169 6100 3092 4786 6232 4410 190
386 513 5605 4039 9000 3086 7700 5592 6106 2555 2044 2878 4511
387 321 66 4962 6153 1002 6379 4396 5007 1814 919 2394 5119
388 4800 1376 9764 3109 935 3656 6782 766 1074 1106 7198 2104 2299 2174
389 8130 4611 2535 3692 8493 9678 7791 4852 4820 5524 1463 5885 9661
390 2048 7456 896 1984 7877 7974 136 5133 3758 1583 5397 7382 726 2203 1630
391 1664 3936 4361 5259 2091 6988 3376 7378 19 1496 666 31
392 3237 1573 1509 5815 6989 8270 5682 7699 567 1271 3357 9278
393 2017 2456 935 3081 9898 8013 4142 9615 208 4977 6838 5463 1462 1915 4671
394 1024 1056 1315 5930 9967 1364 4086 5436 5944 8602 3292
395 6853 8511 3048 7436 8847 5264 3154 2707 820 9074 1459 5175 3700 1625 3770 3199
396 836 1933 1837 8175 5232 6578 8947 9076 6484 7732 3831 8280 5945 921 6555 1117 61
397 1377 134 6278 6054 6827 8396 1550 2576 8178 2388 1883 2845 7391
398 3105 6021 3464 9098 9866 2155 7023 1362 2484 315 7935
399 4803 2563 7109 4643 7721 5962 8972 2288 9937 2995 6899 3830 5913 5402 1917
400 2400 8576 5795 5219 134 678 5065 5387 3181 1839 3699 6006 2457
401 8674 5186 9572 4871 7784 4265 4586 1160 1228 876 3505 3510 4252
402 32 2276 8934 4231 1736 1375 8429 7373 2704 7537 3733 6619 2326 5271 123 9341 1787
403 416 1376 5378 7973 9612 7949 2067 5372 2687
404 165 1797 935 2443 108 1999 8176 9264 498 7571 3055 8533 3606 9463 8145
405 160 7873 6214 8043 1774 3600 8145 5340 8088 1082 5404 29
406 2240 417 3043 6372 9349 3398 3402 1642 778 9452 1771 3982 1780 2133 7862 5502
407 5597 6625 5991 3533 1776 4144 3923 1689 3483 2268 573
408 7778 3970 4708 5412 5002 172 4397 5357 5293 3601 9465 6938 5659 3645 3135
409 4099 7590 3964 2185 6825 7433 7949 8686 3119 3055 4729 6546 8252 6258 2647 2745 9372 1534
410 6117 9226 4299 1259 6188 7214 9711 8716 6389 2774 7127 4504 3255 8762 8668 8093
411 7680 3522 4899 7652 3848 3210 5899 6637 5518 4531 2134 5851
412 6945 1187 8484 5572 7334 199 1797 7945 7242 4041 8068 5437 9007 7219 5558 8343 1786 9115 3453 3231
413 5509 3205 3397 7847 6570 15 527 3957 6134 5849 7706 2011 5469
414 6208 9417 9774 8753 7829 6999 856 6393 3674 2492
415 7264 4610 8195 7652 3813 6726 4841 2218 9453 3246 210 6194 8284 9533 9663
416 8896 3201 5636 9382 4679 7434 7947 3857 4913 5425 8149 1079 2173 7486
417 3936 1093 750 4846 8047 1649 8083 9492 852 8375 5880 6623
418 5952 5986 1860 518 5095 3528 1162 4109 3982 5468 148 7127 2104 3161 2842 3804 9405 1150
419 3492 6055 7531 716 7949 8559 9845 2199 2490 2843
420 9952 5693 229 7685 9670 2664 200 2282 5962 5820 4541
421 3139 2660 8675 2982 6153 1134 8082 9715 626 2040 569 6654
422 6180 8616 7658 7438 1135 8464 6289 7791 152 7865 9116 6748
423 4450 6434 2564 4005 8994 1610 971 3436 5037 7470 4687 8114 9107 1429 8343 9146
424 8098 9539 867 2757 5925 3750 3012 9099 7757 4117 9013 313 7067 4543
425 7936 8547 5412 9370 8009 5514 7786 5997 7514 3215 5686 1367 4472 6138
426 3550 1003 5964 6318 9308 3870 1774 7091 2675 2555 4184 5307 3516 5629 5790
427 3104 9729 3169 2240 5062 9949 1353 5261 7632 1429 2294 9719 2776 2650 4285 7160
428 8386 4354 9797 709 9543 3047 3015 2184 6539 9775 2674 9107 1783 6327 2587 6654 2271
429 130 8419 2106 6661 933 3752 7657 9032 203 3163 3309 9360 8305 3187 6394 9374 9470
430 6849 2115 1668 351 5768 809 6411 5868 8207 2516 6101 6843 9565 8607
431 5920 9312 8644 2023 2343 9067 4684 944 7219 2772 3541 6518 4150 6230 8248 6651 861 3839
432 1760 3876 4453 5862 3368 9545 9610 6700 1037 4942 1555 9011 1113
433 1113 2276 5158 8455 1542 7401 3754 2474 934 8463 6354 5587 5529 9244
434 32 2240 8387 3144 4938 2763 9261 8686 3439 4339 4507 2485 7830 6712 3387 7868 4319
435 1027 7652 8454 2121 3949 8783 9138 3862 6872 4633 957 2943
436 4923 8226 217 7943 9607 1354 8398 8221 4372 3188 502 1849 6683 4477
437 9632 1825 8832 5464 7398 9291 8044 3251 5364 8760 1439
438 5186 7490 5219 2533 8644 6056 4778 7883 7027 7315 277 4339 7288 5531
439 2081 6465 1892 7972 9606 6666 5706 8718 6351 8655 4847 7222 7069 2174
440 2240 6501 9509 6598 7498 2475 5964 8844 4142 2735 912 2962 9237 8886 8986 1083 1918 7391
441 3744 736 5378 325 7880 6159 7887 146 5533 2239
442 5702 5095 8265 8272 3697 5905 176 6099 9845 181 6007 3032 953 3159 3420 4831
443 5505 1315 4035 5157 1033 6987 3917 5103 6544 4912 9334 1625 7547
444 7653 7302 7819 3595 9244 9200 3058 4434 6420 1752 6938 9304 9116 7581 478
445 8385 2402 321 4996 8996 7785 5675 5358 9777 977 1755
446 9696 6049 2240 2757 7399 7880 9290 9514 9034 6576 5690 8405 2198 1431 8406 378 1979 9020 8223
447 8873 218 6441 9228 5579 6926 2797 2986 3450 3455
448 2978 2116 1096 5032 779 9867 9451 3663 4751 8502 8920 796 7772
449 1183 5185 5828 3272 9545 8682 2655 9013 4951 1853 350 5535
450 7808 4065 4311 5130 9067 2028 2702 2158 5715 1429 6839 8857 7034 2715 1406 4799
451 4898 3203 8581 5926 3877 4712 8619 6027 1838 2545 4863 5023 4765 4511
452 192 6917 7174 6217 9454 6611 2997 7191 1720
453 5378 4034 7652 3718 2503 4679 1803 1452 7533 4430 5844 6262 9911 2555 2364
454 1731 7493 6680 684 6606 4079 48 6833 8178 4558 2453 503 728 5340
455 9762 1571 5507 8967 2760 2351 3920 1585 4146 3215 5782 8445 5727
456 7745 6951 9192 2507 9035 7310 2191 1170 373 9461 2555 3894 411 94
457 7265 9764 4266 5994 5548 5834 6350 9842 9139 4276 9013 6966 4343 1563 476 2399
458 2296 2567 3498 171 4203 1645 8629 6710 6968 2778 2875
459 2114 1058 7302 4391 1768 3913 4765 6379 6030 8560 2097 4404 6613 5431 2361 5500 7997
460 100 5439 6247 1741 1710 687 8431 6002 6169 5883 9439
461 8898 5091 3074 6118 1037 5389 7565 5328 6579 917 2773 8059
462 4162 5251 1029 2986 811 3691 2712 2322 6293 2614 9208 7354 6494 5759
463 3524 9541 9670 4614 7732 6165 4790 5238 5271 2362 6812 2205 2943
464 3936 9186 382 9771 6672 1713 8596 5077 599 4184 4249 9374 5500 7198 6111
465 4706 835 6908 3842 1668 3012 6760 137 7309 398 3795 1943 6938 1883 124
466 1155 6151 2986 7532 1423 9007 1684 1301 3548 7550 5631
467 2083 9253 6700 7500 7228 5007 5715 5340 6839 25 3388 7518 8287
468 5184 5537 5507 1159 72 5452 5231 2288 5715 5716 536 1947 2717
469 8160 2849 4567 9285 2630 2471 9450 3341 6035 4823 4090
470 2849 9288 139 690 915 4274 9118 4147 7799 1175 5241 6174
471 2240 9666 8521 5964 2159 7824 977 9718 4824 9657 1754 8347 5148
472 320 3617 2018 1698 4708 7845 2661 3841 6445 4336 3316 1429 1978 6589 5567
473 2243 7107 6724 9285 5830 3565 7222 6424 8249 8284 1982
474 4744 2028 2285 3953 3922 3955 9075 2901 6613 7831 6552 1175 4095 1439
475 6752 1145 4352 321 7269 4454 4071 550 3337 72 4620 1998 7438 6037 4409 507 9917
476 7648 9122 5507 7014 3367 8505 7782 78 6515 3097 8347
477 2785 6568 1960 73 4399 8080 1269 7285 1015 8248 2973
478 5537 2116 5412 1675 6667 7631 7791 5683 3125 86 3319 8346 3611 1694
479 34 2953 4138 8556 2285 594 5044 344 3006 7327
480 4576 865 3683 3464 3368 426 4043 4365 3982 3023 625 2453 2334 2367
481 2240 3811 2884 4005 3780 6499 5992 5993 5162 1476 5412 3021 6192 7762 9014 9846 5657 9183 6207
482 9088 8707 230 5063 3113 5962 8779 7500 4012 5358 2546 3707 6109 7678
483 5534 1703 520 3337 6380 7502 9103 1934 6608 6258 9968 1524 3671 29 4958
484 4001 321 6595 1127 9064 6538 9292 6476 5166 7024 1329 7282 6613 6999 1306 8093
485 8576 4806 4360 6120 9290 2700 3957 7192 4028
486 3744 2753 8930 2 8901 3111 2377 5137 6679 1528 9401 4702 2975
487 3809 7619 1099 4240 3217 2962 1235 2198 923 5437
488 9377 321 8994 2756 1725 3212 6542 9520 2320 7219 6774 3580 3645
489 9544 9737 845 3278 5424 6449 7219 5301 1846 5846 1881 6234 5374
490 5568 7072 6752 8096 4455 1320 139 7183 2448 5939 7732 3162 7551
491 7392 5601 2114 195 1507 9638 6537 4554 2858 2159 79 3729 7537 7699 8441 1629
492 6265 4708 2244 4901 5321 5483 1102 7822 2327 2288 761 23 7577 5435 188 4543
493 1024 321 1475 4781 6639 9968 8437 1941 3190 5464 6937 5242 4958
494 2 6758 360 8170 4910 9904 767 340 4886 2584 5305 9787 6044 7038 191
495 4993 3111 4552 4393 712 3885 5437 9297 1393 5395 7639 4217 571 797
496 5443 739 8965 8903 873 8749 5325 2097 4498 4340 733 6527
497 9284 3622 8716 3791 9903 7153 5106 2931 5875 6613 7350 215 2102 5818 1340
498 9184 7169 1476 7305 4393 4172 9869 3470 5715 1493 6040 3512 9722 4159
499 2594 291 5671 8711 3113 5180 3536 5041 6226 5009 7348 8600 2716 4126
