500
0 9125 5974 7228 664 4542 4532 4383 6891 802 8580 8212 5326 6938
1 7821 3417 9507 1901 969 844 2655 3937 2015 7482 2203 9323 9043 4035 8431 9968
2 8192 8413 5736 6861 9345 6117 5953 6882 6712 2842 6899 2643 2962
3 1467 3554 5159 8780 4100 553 6469 871 2681 3956 7659 2192 3923 2039 7099 5462 7688 5304 6178
4 8460 1962 3001 5950 5122 9301 1668 3394 1339 8209 9543 4776 1498 8176 8151 7185 1409 1844 5962 896 199 5038 7899 7289 2555 5715 5412
5 9674 9337 5268 8660 5067 2813 3838 4933 7006 2911 8597 2345 2248 8982 6387 5748 3074
6 9364 9351 1834 4388 6529 9126 3886 8463 5944 6412 3405 2064 7285 4340 8495
7 1515 362 214 1098 7121 7170 7786 2785 5516 3570 5004 4537 8498
8 6720 8586 1590 1967 1038 8383 1954 6865 6623 2128 321 3012
9 3643 7537 3153 9456 3350 5905 8390 7271 8045 1071 8005
10 2973 1963 7611 1316 2778 2603 6718 3584 6746 8518 4814 4974 2147 8836
11 8237 2614 9147 285 1321 9546 6972 1964 7932 7296
12 9466 9275 5624 8865 120 8648 2780 1332 9619 9618 7454 4340
13 8040 4087 4850 8473 9438 8703 6818 4611 3051 9153 5857 4314
14 1525 2059 3046 6197 8624 9358 3833 3150 1592 4002 7586 7699
15 871 7237 563 7255 5521 6766 7194 4132 8088 847 4558 3982 8812 8994
16 2745 3208 9805 3966 9341 1769 4028 7000 5840 5678 2593 6770 8681 9387 3354 6675 2264 79
17 2835 8090 4721 5943 8141 5075 5904 9788 8132 2113 9483 7842 1774 7652
18 229 6066 3341 5939 416 2067 4968 8569 4749 9404 7652
19 2476 1402 9871 950 8355 1502 6441 6190 3453 5859 4187 7740 8918 5630 7791 9842 979
20 2402 8042 7030 6362 4862 4440 4761 36 1905 4345 6584
21 2092 9572 5047 9449 1019 9115 1233 8715 9887 6865 7278 6301 5885 9007
22 4594 2646 3076 5968 8338 9194 5904 949 5396 8127 8574 6281 7240
23 2330 8762 1444 1412 6489 6062 3534 7814 891 2396 6903 8681 518 7883 9545 8005 2
24 5427 3419 961 3340 4176 4818 6992 992 6551 3597 1039 6945 6482 7055 7652
25 7137 9303 77 7945 6801 7865 9664 9357 6281 6686 5615 2951 731 3207 5869
26 4376 5705 426 2722 140 6700 3995 8592 6270 2555
27 3824 9265 5917 246 1111 8846 8502 3860 8757 578 6710 4974 7899 8284 369 7438
28 8605 3152 9133 5708 3388 6675 3721 718 1777 3854 9615 7073 4449 3104 2589 4326 9968
29 7540 9459 6881 268 8057 2787 9526 1531 2969 6913 5546 6482 4340
30 4315 4758 8018 853 6331 5170 2117 3745 57 7787 1642 3963 4957 569 4314 6613
31 4315 987 4751 3555 4196 593 455 481 212 6891 4974 6067 4985 2630 2555
32 6829 7174 1629 5208 2465 7062 8135 7538 3471 6954 3036 4340
33 9924 2047 9094 2865 6612 7263 7344 8030 2970 961 971 123 9826 6460 8134 9374 7880
34 835 1708 8762 7730 6861 8429 5611 3055 6151 221 6655 5097 7575 3982
35 1737 6443 7262 1200 8552 4465 7276 6442 9659 9758 2461 6584 2555
36 9455 8977 8972 9159 1019 6532 4809 1010 4630 8021 2817 7755 254 7968 9374 9545
37 7269 5961 1628 6116 335 4202 502 7744 8821 6015 7083 3782 6188 949 6049
38 8208 8507 600 580 5743 6834 1759 7241 7582 7313 7560 1125 7296
39 4655 6493 153 9287 478 6026 3341 4938 2846 3146 1774 9007 935
40 871 8091 5022 9050 9938 6770 5687 4666 4585 4993 3493 657 4320 8185 3731 7782 6327 7762
41 3828 7907 8990 4565 9924 6352 501 7220 1408 5493 2293 3665 7285 5458 9968
42 4563 98 5308 4676 8914 8960 5390 6033 2165 4362 4367
43 2765 7487 7072 7463 926 6009 8804 4432 5704 8357 7709 3249 3050 6258 2413 6001 4091 9968
44 2724 571 9874 8052 3329 3561 8798 494 6351 7828 3745 5145 4575 4937 9565 5534 1534
45 5291 5592 4541 9859 4104 6025 691 3320 2235 7123 3125 6052 9638 5728 6899 9527 8528
46 3747 2153 2463 8532 7951 685 5988 3431 3743 4715 1917 9393 4928 1979
47 7248 1796 5335 7792 611 9920 9792 3150 6590 3056 8618 2555 6101
48 2031 2701 9840 6764 2941 7464 6579 8837 3526 2128 9129 8994
49 720 4546 571 9063 9317 7389 8689 2621 28 7142 2335 9311 6020 7143 4102 7790 1560 1289 925 2240 2340
50 6077 2687 1069 6347 542 4782 1725 2525 7066 148 4027
51 7597 3171 4054 2693 3637 2575 5553 2464 5169 6367 6287 7487 3597 3036 6938
52 3599 6155 8149 8310 8970 63 8682 3267 8267 549 8938 7138 9270 7880
53 704 4538 4290 9433 3312 4996 959 7025 7115 8887 7048 3751 7699 6938
54 1410 741 8464 3192 6425 1801 3557 754 5589 2634 7762
55 4684 6311 5592 915 2672 2217 1416 6918 3523 9468 4045 2288
56 7377 8291 1525 4667 4867 9019 2731 7593 7161 8507 1043 9199 2962
57 2509 8459 4644 209 4218 9725 3626 815 660 7545 1496 9199 5412 2288 2962
58 5398 7299 7677 7482 7496 2105 4197 4798 9181 3156 6614 1666 6509 541 8134 6547
59 8247 121 4487 5168 4758 7968 3505 4437 5729 1663 219 5553 6141 2
60 4987 340 2376 9030 8354 5371 8549 5405 3135 5535 5339 4326
61 2512 833 2054 3227 4051 9340 1093 8610 3657 1696 3350 8259 6095 5775 2630 6547
62 759 6593 6242 9803 6046 9162 7286 1665 560 8128 5547 9009 8144 2240 5715
63 3123 8434 3579 5257 4074 4025 724 3784 9645 6152 6940 6840 2322 5341 2673 7880 2340 6054
64 7734 7344 6066 8249 2211 4218 9830 8725 6561 2791 7085 1299
65 1239 2213 5557 9931 9127 4579 6547 5308 3691 8520 6516 8146 9313 1868 8491
66 3736 5631 2747 9122 3188 1467 8817 8907 8772 8949 5560 5295 9688 9129 3012
67 7225 5114 5170 4947 1474 8158 4564 8335 5748 3023 1668
68 438 1682 9634 9216 1766 6886 9401 6548 1954 7457 6672 2192 6258
69 2280 844 1059 1146 794 8289 3715 6731 9176 9422 7037 6621 3061 5547 8105 4985
70 8467 7228 7947 1107 3100 4304 3710 6165 6184 7077 4909 7933 5412
71 3977 8480 1577 7234 5228 6695 9887 8652 435 8045 8775 9245 3027 7899 673 8387 5412
72 696 7574 6103 5794 619 7768 792 7885 1497 4429 8263 9731 9270 5748 7949 2 7709
73 9472 6070 8260 5800 1521 7431 2326 4607 6702 4866 2394 6364 686 4129 8362 6021 6547 7762 8994
74 6273 976 3549 3942 6290 8973 7187 1141 2933 3890 6363 8149 6153 5248 352 7732
75 4086 3378 2044 9264 3072 6491 9707 9052 1616 865 8969 7364 1956 2137
76 625 7734 1757 403 7702 9492 5573 1837 2070 4086 2239 2735 1822 8987 4093 3830 2240
77 2210 212 4290 1573 3275 3553 7283 908 1399 7488 2518
78 2638 8453 6299 6656 728 5301 4500 6452 5907 9192 9569 5045 5111 4855 8722 4168 1546 6827 6986
79 3896 4982 4569 4166 9871 8989 6914 2561 9962 8720 3877 79
80 955 1712 3156 9244 3370 3376 6646 8786 8897 1345 4490 5676 4192 3012
81 5679 9745 9633 4093 4991 1688 5595 378 2977 544 6982 2345 3936
82 7549 3749 6937 4760 8029 8728 1276 9391 1403 323 5780 109 8643 5178 9576 1784
83 8468 2302 3489 6124 7350 281 8535 3297 3192 3222 5615 8382 6015 5948 1560 2643 7240 3936 979
84 2033 372 329 8004 4230 2243 2722 4380 643 9023 2991 2744 259 4134 6101 7333 5860 1299
85 8143 173 6247 6691 8191 4420 3514 5355 6035 4581 4824
86 5539 9152 7351 3274 4735 6734 6201 5868 4929 7060 9438 9040 1581 9704 8113 8599 8043 116 5997 2240
87 2622 2215 3590 8006 6494 8958 6319 1838 3749 4923 6044 9007 1534
88 524 8353 4505 1683 428 5556 4959 5044 7087 8021 4846 906 2486 5862 496 2121 2240
89 9031 3053 9009 3341 4694 3604 1769 235 5804 6883 491 4624 8140 3074
90 4996 52 7546 451 797 5926 4818 5592 3597 5848 3894
91 7000 2819 286 3041 5207 5016 8241 6468 1055 4345 7782 5507 3982
92 2996 6884 8260 7032 1529 6896 3919 400 4073 8160 3964 321
93 8847 6991 5685 5391 4589 4086 4895 9864 4217 3714 2662 7762
94 9829 1083 7332 4589 3961 9628 4861 9737 8790 2423 4119 2018 9349 6611 183
95 5727 4026 7668 1453 641 7242 3793 5700 4241 5945 9957 1868 9848
96 4112 5649 1896 48 9246 1513 2160 8817 5673 9023 4901
97 7775 1792 1127 9782 7451 8464 6691 3676 4903 866 5748
98 2674 8305 3095 4463 9330 6167 4477 592 297 8135 7508 4754 9646 3326 5445 2240
99 9385 7828 4592 2879 3056 2439 1603 6846 97 5117 172 6054 1083 3982
100 4031 182 7118 9953 2744 6657 2391 2441 1034 6914 9538 2739 9013 9545 3877
101 4728 8828 8789 8298 5538 7447 120 5766 270 472 3447 5517 8989 7684 2902 7153
102 2309 1364 3629 510 1050 9073 5277 3565 1800 5761 2723 5978 4241 7675 3393 8910
103 7495 4779 101 1481 5690 3573 243 5957 8383 2702 9426 3316 9848
104 6810 2998 6543 3514 2915 2857 760 232 4407 1131 3738 9898 3547 7054 8423
105 5280 760 5884 9040 7228 8170 3330 7116 4126 8770 2696 2628 6608 1865 3648 4493 3842 8797 7285 7429 1145 6101 3376 6613 935
106 4100 9641 1303 6220 7966 7111 3275 2822 6830 9094 638 3064 7997 843 828
107 610 9745 3790 995 9517 2548 386 9408 1517 9478 7044 6296 3982
108 5407 1327 4542 3353 30 7721 8753 3084 9876 9977 1998 9271 6875 3841 8145 1668 321
109 8118 790 2252 4448 6636 9098 2395 4426 3997 8954 2480 9908 5715 9007 8431
110 5161 1407 8655 6193 2586 8296 257 7697 9053 9194 5293 4151 3784 4326 7429 4855 9007
111 4369 7047 2003 5986 9278 5327 5953 7531 7091 1871 847 7296 5412 7153
112 132 6560 5749 9316 5220 3217 7213 7013 9522 9534 8045 6619 4890 2121 420
113 8080 1611 5339 1477 6192 1439 7388 9675 2663 4875 4928 2294 4720 5950 7240 2409
114 7833 653 8560 860 1047 8572 9090 9955 4332 7647 1914 819 1888 4539 6920 2121
115 1711 7261 9932 6337 1102 2931 2391 3625 3537 3524 9717 172 3432 745
116 578 9383 8527 8689 5747 2034 5185 3881 3671 9398 9414 2978 5326 2643
117 5386 1982 8481 1027 7498 8645 1064 2202 4038 2070 7133 935 9545
118 8669 768 8647 4553 1053 2647 6963 500 3380 4658 4624 1454
119 8479 4048 8717 9082 1604 7713 7749 4452 7845 6750 8756 8462 5341 8387 4311
120 5186 6905 3494 5138 3847 2505 7380 9508 5642 1156 1364 276 2771 7367 9688 8130
121 8819 7059 7783 6609 7269 2164 5624 3349 7792 5029 4326 5715
122 3493 9041 4433 9153 1773 1349 8194 472 9578 4050 8154 6778 2962
123 740 6865 7246 5404 5196 3167 4966 1239 1884 952 4311 8470 3982
124 8943 1271 2370 7170 2598 4444 1301 2875 5932 7628 5852 9758 6421 8235
125 304 6879 5508 5867 8749 5154 66 5933 9254 4298 4480 5548 7629 1058 9842
126 9695 605 7127 5755 4880 7810 7923 4221 3524 8531 9129 6938
127 4247 4007 4961 5744 2727 6831 2785 2342 4580 5157 9273 8267 4170 1668 5097 7699
128 6165 6391 2713 9941 2703 9382 3257 8402 5752 3376 7883
129 4538 7490 9887 2145 27 7719 4720 4572 1937 7329 3035 2750 3111
130 8626 1007 5515 9415 3149 4866 8786 197 1895 2895 2983 7266
131 3510 6601 5804 3336 5155 7480 5831 7 5126 8887 6382 8903 6066 5654 1299 1496
132 2352 4587 3112 2023 4272 4238 5298 6221 1841 8973 5636
133 9923 1201 6412 5519 8349 9862 4553 6829 3301 7552 9605 9848 2986 7949
134 6156 9738 408 1203 3705 9014 2918 6389 3845 5647 8881 6301 3982 5762 3894
135 364 9169 1359 389 786 7880 8476 5468 5603 6229 6771 9906 6623 4457 2892
136 9890 2420 6732 4888 218 911 7358 3624 9209 1569 6327 8104 5340
137 3027 3855 8033 8382 1694 3998 4667 4498 2586 6771 8927 5553 7864
138 2300 2297 215 3151 7903 381 3313 3658 6902 3982
139 873 5343 4983 4110 8819 7315 2353 8773 1039 803 3739 1601 9301
140 7662 684 4900 8352 3691 3097 8771 1507 6065 3083 8431 9075 5412
141 8744 2896 3018 1625 3709 5353 6680 9478 5553 4644 8984 7216 8195 8092 753 2121
142 7591 6818 4908 8132 4731 5454 2518 7789 7033 6776 9161 6170 8994
143 9322 7032 9751 8603 6025 1908 1663 7272 2277 425 7290 116 8387 2
144 922 8172 3927 2169 794 7543 7337 580 7947 9336 8874 5964 3543 3894 79
145 5102 924 8678 8801 9857 5210 565 2806 3232 2422 9615
146 7893 3630 4345 9636 4366 4122 3730 5439 1281 8016 7162 3380 569
147 8041 9302 757 5897 9942 128 3349 333 1147 6031 1685 771 1658 6762 9669 1498 3885 321
148 3683 1276 6516 3712 2531 601 2096 3023 2030 3662 2290 4975 4980 4971 745 7709 6584 7153 3758
149 2497 6054 9676 9235 1940 8164 5391 2468 966 2777 3133 7744 6938 2962
150 2017 8270 8652 4443 3685 7322 9401 4408 9902 7198 6071 220 79
151 142 9475 2785 9036 4406 1732 648 4538 7227 2537 774 8609 9270 6938
152 3807 4209 9710 6003 6320 6339 1617 8346 4177 670 4859 9139 9025 2155 6712 3936
153 198 9028 6267 9872 7817 5710 5056 7594 6334 1031 2810 4341 5307
154 9774 2440 4189 539 6837 2279 8302 1303 8683 3308 3106 4199 7949
155 5390 7144 8240 8773 7086 2222 9500 3338 8982 1153 5855 2870 9039 4771 4107 1299 3074
156 4032 3262 4867 8815 5382 8063 1565 4988 3373 569 3830 8994
157 7887 9726 8393 3034 7190 7654 7050 7955 7071 2182 9075 9007
158 2765 5140 5584 1347 3379 666 4521 236 5478 8893 7232 8431 1375 3869 6020 7992 4091 2327
159 5892 2157 8936 4161 8236 3565 2256 7291 9399 3851 8722 2643
160 1708 8568 5676 5504 6260 7314 1746 6840 9413 2950 2197 8294 5166 4222 6258 352 2643 3012 2962
161 2160 7922 8483 8967 6385 3865 7343 1417 2936 1789 4777 2559 8406 5292 3700 4925 7652 2962 7153
162 3949 1501 8338 33 1638 7313 4429 7236 98 9026 1122 3981 4168 2590 3936 7652 79 2555
163 8064 4144 8736 543 3310 530 924 29 4660 7038
164 3516 5718 486 9280 1450 2523 888 5913 9197 9990
165 3581 6503 9333 3820 8567 6269 7346 9674 1522 4941 7712 2426 6189 9144 8580 1125
166 8035 4922 6455 624 6816 1151 101 5388 4941 1986 780 2240 8387
167 8526 953 1342 4304 9588 8371 670 384 7909 1157 7560 3089 4340
168 2129 8999 336 4121 6449 1743 1830 8746 9833 4731 6347 183 1668
169 8943 9224 6676 765 7967 4292 139 7567 9075 2695 5803 7255 4784 9129 3331 2643 2264 6547 1668
170 353 8366 5905 4622 4085 3667 6834 3746 3391 3637 267 5339 9991 1105 9968
171 7559 3891 191 8186 8866 2844 1220 2846 8457 116 8125
172 1442 2826 9741 4229 4751 4819 1022 9680 4087 6196 6014 8125 7762 321
173 7624 7903 8493 4277 2878 2289 1860 9606 9398 1884 6521 3053 9216 526 3631 3207 79
174 7043 3396 6459 3697 5794 5399 4857 7164 191 8769 2168 2320 3827 6134 1534 1668
175 4976 6130 9379 3567 8299 6074 9491 9898 1582 6079 5380 148 321 5762 8491
176 13 7405 9384 6104 8918 3562 1669 1307 7753 871 9523 1191 827 2794 5166 1956 3543 321
177 3931 2366 6852 5637 3734 915 2771 2367 1773 5813 2060 6021
178 2711 8791 3175 9521 987 1449 1012 5467 7403 1517 4193 7961 8994 2327 9533
179 6426 1508 5963 1052 8502 3994 2724 7440 1588 3673 5702 7575 6258
180 7484 667 8881 4726 706 1146 299 9700 4018 4837 4035
181 5598 4920 1122 8997 5664 9611 170 9833 8297 3125 6149 1134 2555
182 2408 226 3181 6506 9132 1457 6388 7836 6278 5912 780 5715
183 6915 6381 1202 9446 7816 7633 1977 6133 3245 4533 6178 6938 6827
184 2549 8766 5779 6134 3119 5176 6691 4734 6826 7804 3540 4805 2437 7754 3894 9301 4314 7669 5962
185 2553 3317 3194 8860 3928 1955 6586 6950 5704 3314 2349 4985
186 5601 493 4081 3720 6218 6718 5609 6269 4685 9459 5410 6131 5492 2904 3074 9848 3012
187 6764 2220 2952 7311 1537 9207 1340 5827 1579 3111 427 9199 2
188 3037 2152 9372 7797 6019 5999 8743 8990 4216 1510 8955 9704
189 3264 1072 4515 6999 5461 5150 7091 7784 5391 3872 9598 9349 4314
190 7235 396 4095 5667 4055 799 3269 9379 7327 7743 9758 951 6778 2986
191 8416 5350 6434 3403 4575 1898 6241 287 8619 2390 2007 5387 4823 5654 6014 1042
192 3180 8906 7685 3601 1487 8746 6598 8669 9592 8495 7120 6613 935
193 757 1676 520 3985 2759 8931 7714 4725 884 1383 3894 2555
194 4456 9218 182 6303 5137 4650 3440 2838 3052 8622 6549 4591 782 1728 6545
195 5268 8203 1305 5188 8908 1881 5422 3405 9293 5261 9233 6913 4054 7510 6216 9834
196 353 3266 7218 2430 5084 2730 1342 3348 5000 1752 5448 321
197 2687 9935 3857 4909 7453 832 2258 1348 6433 7049 6920 5869 8125 9244
198 1989 2124 5914 7213 4908 8444 3492 7675 7397 1638 1546 2
199 9402 109 8247 2381 4920 3122 5330 5657 1923 1454 5880
200 9266 1946 5494 5244 6382 908 4727 3382 7633 2942 1377 8711
201 6377 5388 4532 9487 2353 111 9217 2124 4873 1361 1394 6380 4504 2910 6458 7732 7699
202 9651 3815 9851 7613 4353 1480 6384 4900 5278 2768 3316 6613
203 6272 5195 2528 2881 8225 9201 4061 721 6744 6054
204 6227 1189 608 7318 8016 3114 4800 6266 9359 7088 6451 1117 321 5412
205 8308 877 6934 3895 17 133 1442 888 6163 8276 9110 2486 8722 1668
206 2116 6825 831 8892 3313 2721 6558 3668 4838 4078 2864 2019 6978 5412
207 4593 8615 2787 1384 6679 9112 5701 7288 6360 2182
208 178 835 7927 3189 6210 3190 8315 7235 8949 5905 3174 1336
209 5462 287 7741 2887 6318 2553 7650 9095 7074 6750 9930 6014 7699
210 440 7514 536 2279 5439 3759 8228 4743 4965 2404 9230
211 8781 6541 2417 6533 9747 8301 1916 2781 9076 1400 3061 7856 1252 7732
212 2844 9570 4963 5185 4266 5702 3632 7683 8429 16 1771 6532 9593 7845 569
213 1322 324 8473 3413 1692 4013 8239 5637 2273 9328 2704 5677 3894
214 3206 1120 9867 2265 3204 4936 3216 2697 9223 2598 4253 9129 8716 9244
215 8330 4715 7469 2125 7224 8964 501 8770 416 8850 1964 9933 6986 3877
216 2781 6601 4191 844 9686 4780 2616 8810 7215 810 4071 3326 7949
217 1111 5395 9388 8434 9997 7014 8542 3206 1164 9565 726 247 625 79 1979
218 8542 9034 5055 493 421 6878 8440 7155 550 7254 4901 1396 3602 2643 8498
219 8257 1686 7355 9111 5754 8714 1682 4015 592 5963 1049 9584 1182 5995 6778 2264 8711 3144 5715
220 8899 9395 7192 9283 2035 2326 9188 5232 7246 797 6455 4709
221 9336 6786 505 481 2925 2152 5756 7677 7207 14 2649 6379 1337 6613 3586 9968
222 6940 2738 8434 5270 7663 5559 9172 5327 5515 2941 310 7162 8711 7949 427
223 4050 403 8764 3017 6773 505 8178 8620 1336
224 1893 5073 5549 6626 7393 5301 9237 2421 379 7396 7280 6465 4985 6534 8491 6613
225 8031 6906 1503 8634 804 5279 1078 9529 2830 9236 9908 5064 1668 7120
226 8543 6231 2845 7322 4613 6993 7659 335 5893 5090 1353 5156 1383 9244
227 9126 918 312 2169 3629 5537 2967 7562 5316 1366 1505 2983 3543 2240
228 4028 3239 6890 4102 5473 6279 5843 8723 6463 4646 5340
229 8994 1909 7040 8817 8052 1276 6903 3373 7938 6414 7940 7837 6698 6030 5715
230 3999 8590 6530 7314 5376 5085 3716 1859 5734 7914 8432 5343 876 7049 6889 6538
231 5135 7344 1219 7613 9348 5726 932 6368 4764 7377 2779 5211 6258 9842
232 4039 7794 7512 3544 4638 8536 506 6921 457 6082 7153
233 1626 969 1273 9566 8743 8583 1839 5757 1695 6642 2663 5245 6170 935
234 2746 316 4073 5193 2868 5895 6502 3247 8042 6572 8998 1929 6351 2867 1668 6030
235 9163 3647 3740 3988 9179 2036 7715 6436 1796 1081 2069 2263 1387 650 3830 321
236 9440 5672 3392 9372 3031 1565 4693 3014 8689 8157 732 9842
237 5388 9192 2882 7328 6072 2314 844 2973 2732 1252 7549 3044 8910 205
238 5525 8854 9180 6823 4173 3863 550 1691 3298 3737 1411 3392 8893 3012
239 5929 8990 8750 1495 448 4579 5474 8040 6723 300 2102 2252 5715 8307 148
240 8546 5319 7562 7840 3340 9941 646 2476 463 6170 9043
241 1907 9356 8112 7268 6604 3612 4297 2329 2408 4736 7983 5981 9931 7880
242 9414 9640 5179 8372 7641 9353 489 4625 7621 7557 3909 5738 6979 1340 3753 7732
243 5041 9297 2135 5851 3710 4936 7962 1969 9258 4948 5848 8125 2240
244 686 1466 4732 8898 9887 4828 19 4345 3026 7937 1028 8907 5322 4326 79
245 1621 1677 3759 8772 7757 2671 5226 9582 6545 8125
246 5403 2795 3126 9895 5737 207 7353 9005 2241 7489 8040 9347 8212 8284 6547
247 4083 6312 7129 4861 9206 1461 1194 6122 3225 5762 9834 7575 2962
248 8992 8136 5360 6963 2256 4897 2379 5423 3770 7365 469 6786 8185 6913 5715
249 8298 3583 3530 7570 7887 819 2140 5317 6048 3306 3538 7055
250 6594 3358 9453 1348 9526 8632 7732 5332 858 5125 3676 7841 3427 4240 2986
251 6800 916 3121 4695 8350 4086 2002 699 5296 3022 1817 7381 1708 4842 4970 1043 135 7709 7699
252 215 7311 4239 9585 718 5736 3746 8196 8309 4188 2032 9615 8043 7762
253 9161 2314 8522 4469 1230 2802 492 8720 172 857 3883
254 2272 4140 4597 3548 7779 7339 9215 9797 7501 5698 7413 1405 4855 2986
255 1063 4591 3086 5287 2431 7009 1850 9371 2175 9481 4448 7325 9522 5621 457 4352 7949 2962
256 3643 1164 9527 7125 1078 5825 5738 3594 7582 4310 8302 9677 6534 4531
257 4550 9831 5389 368 7659 6698 6147 2157 5776 9187 4793 998 3163 2322 3894 4985 2128 4020
258 2981 5835 1850 9133 8125 4635 9436 6042 5196 3544 6956 1533 1912 1557 5340
259 8547 9949 9315 4806 5536 2761 3182 6748 4575 4941 3454 4717 9637 2192 5053
260 3971 5408 1344 1107 8505 7224 1652 2301 3804 4667 3509 9008 5359 9968 3894
261 9321 6793 7216 6181 3653 1020 7357 2595 2444 3847 4222 4207 9283 9086 7355 847 6705 3827 673 1429 2288
262 4763 7484 4849 4008 3794 4174 8159 6958 4537 5997 8233
263 1639 9335 6200 2616 3527 8914 1630 1720 3385 4834 523 427
264 9402 9401 4387 2560 1861 3963 3242 8243 3984 1106 6376 3163 5715
265 1032 4588 8119 7134 8394 2981 2869 3185 1414 1328 4717 4134 9461 6327
266 845 7835 4360 8666 4254 7773 9631 982 8918 1848 4129 6538
267 1556 918 6544 8475 391 6109 1976 6933 5773 3670 1085 427 979
268 2494 4964 8356 8861 6274 6088 3095 9309 7041 9495 6140 468 4948 4199
269 3299 1004 222 4540 7986 8306 6506 6062 8413 2335 9259 6404 2121 1984
270 8764 4296 1276 714 4198 5007 6846 7321 1501 5595 8762 7725 8104 9453 7949
271 8389 8172 5428 6586 3037 4421 341 1120 6522 6362 8495 148
272 533 3473 7442 4369 8457 9621 4273 4158 8657 1932 4624 7575 2240
273 4699 7777 545 3669 8856 7862 9569 9423 2680 6061 9716 8862 5035 1690 5608 4437 2577 2085 3936 979
274 9654 7220 8866 2118 5070 4561 63 1978 4602 1235 8683 4752 7126 4463 7699 7713
275 8824 3288 1793 2515 7909 7650 4917 8926 9331 4517 427 2288 2962
276 6388 7275 9880 5383 6267 9033 1941 899 100 1127 4967 935 6827
277 8616 7753 9379 2868 8950 9767 8261 9610 7356 7630 8644 2555
278 3302 6805 8198 5303 6007 7489 1435 739 6668 3410 9244 2288
279 3311 8861 4224 4306 52 1942 5426 8469 1611 5416 842 7720 9301 1343 8428 6296 5715 79
280 5493 3789 6597 7253 8275 1694 8134 9844 8829 2715 4977 9558 1645 8994
281 6002 4556 5052 3859 7672 9418 5372 5417 4964 5751 7467 367 8134 2555 8994
282 4032 8559 1031 6416 1834 374 8130 1883 8234 246 4420 2484 6324 1875 552 1831 3541 7736 2
283 750 6287 257 2202 6826 3475 2861 3972 234 8858 5307 9533
284 3401 151 8654 6962 8427 985 2122 6583 5799 8490 5584 3783 376 7193 412
285 9671 2120 4565 8175 989 4917 3592 688 391 4590 6391 4134
286 2868 5617 8200 2453 4023 7950 4729 2111 1802 981 2806 7296
287 7527 9484 1279 7435 9245 5023 7504 9047 9619 2663 2828 6967 673 397 8498 4027 5762 7762 7153
288 5499 5425 7111 9041 7449 1786 4052 5613 4504 9703 6765 9224 2240 7153
289 186 4384 3620 3167 2617 8410 4275 7648 3899 7948 2030 4286 4341 9270
290 8785 3336 6172 9315 4939 2275 9601 9473 2617 5812 1666 9510
291 7122 6145 9296 1682 7903 8916 1047 2472 6500 6188 6428 4985 7762 7153 79
292 4461 3417 1697 9156 3694 6983 3765 7933 7314 6859 3347 321 935
293 2428 2896 4939 7796 792 4208 7389 9340 3518 6800 7688 1425 3841 5194 3885 7713 5762
294 2702 6103 9409 6845 5797 8676 176 4610 3359 5430 8416 3538 1581 3158 5141 7652 9007
295 8577 8002 4352 6523 3153 6670 3379 5351 934 6376 2608 7787 732 6987 8292 4678 3498 8140 9968 9007
296 9745 287 6366 8642 9204 2225 2365 518 4769 7459 863 9301 8130 1731 7759 4199 2962
297 1948 4300 5321 4690 6063 9736 6815 818 4505 7813 823 2557 8452 8816 6331 4679 6613
298 3151 4173 7878 8740 4956 5336 1913 2242 3753 4352
299 8423 1280 7563 2213 2272 8152 7356 7019 1631 6166 7206
300 5393 7193 4253 3812 9997 8895 780 5155 2401 6011 7980 9866 2621 3535 1450 5458 5326 2643
301 9067 5240 2169 2457 1785 611 3381 3313 5797 8572 828 9692 9704 3074
302 3442 2545 7967 7635 8442 696 4038 9741 7874 5810 5702 9587 7012 3877 9533
303 2190 3682 6162 2278 1107 9440 9567 6894 7451 1326 5254 4909 7699
304 5520 9211 1762 794 1118 5769 3661 8510 5877 5384 3494 151 3856 9632 7549 732 1731 2533
305 4289 6446 3796 3452 3318 4307 8157 1927 6917 5212 7961 3447 2475 6827
306 7545 6851 4158 4484 1571 2492 8196 2254 9953 9018 4941 151 2028 4168 2892 9903
307 8608 7843 9436 6085 3954 7654 451 2024 8342 2247 2897 8462
308 1420 3460 9310 215 3456 7724 8544 8361 8034 8507 6281 9903 4558 2240 2962
309 493 7719 4388 6242 7118 1847 2167 5647 8770 4677 4269 2422 8491 7949
310 7181 2718 8001 9690 4292 6211 7450 4804 259 7191 5224 3543 8193 5715
311 393 7863 6863 3631 1697 6849 6329 3257 5414 696 4234 6778 2
312 1973 449 6505 5818 9556 3701 1775 5894 5973 5354 253 2790 6101 321
313 3193 5006 8670 7610 8992 2477 4702 4453 2389 1971 5691 4378 8268 5553 7713
314 8949 4484 9362 3754 560 2083 529 7157 5683 6787 5868 6765 4035
315 3274 6533 1920 7430 4483 9140 3767 2481 8618 5838 1984 6938
316 9216 2711 4746 3641 9002 1382 158 4076 9332 2610 3106 6613
317 879 433 5353 1616 2231 5415 9048 4269 9676 1255 7235 8248 1252
318 2730 9393 2472 6602 2935 8421 6145 2984 8945 6681
319 483 4649 3817 5780 2099 8011 8099 7536 4366 964 1123 4399
320 6145 8966 4966 7711 9667 9521 684 4329 9096 8777 7428 7234 3607 7997 2962
321 8393 7306 5513 187 5920 3729 1092 2135 4127 5631 3835 6635 2240 2288
322 5342 4312 7683 5816 662 5144 1093 3149 3452 7105 3501 4766 5356 5270 5902 5437 9968
323 7792 8216 5209 4721 6547 1443 4671 4620 5247 2272 2109 221 3944 3533 673 5775 2114 7153 2288 5715
324 7196 3537 5276 8581 8163 6147 301 4761 7734 3422 111 842 1934 6458 1105 9007
325 5355 3005 2245 5588 8879 1718 1564 9188 115 9926 6464 259 2555
326 2308 5509 5151 8785 322 5210 6936 3702 3951 9765 5677 2
327 1230 4138 9148 7154 2671 7022 7493 4456 5462 8235 3751 7949
328 8329 6457 5469 7327 3771 100 3523 4887 4870 1430 9848 1763 6692 8125
329 3980 5537 66 1678 350 9622 62 923 3195 2184 6258
330 2242 449 3568 4538 7414 5044 8964 9996 5743 3362 2900 5917 979
331 2695 8573 2784 7804 51 4701 3913 1326 582 3552 4558 7429 7296
332 4242 657 3586 1177 1323 578 828 8239 2586 4102 6167 5896 5310 6030
333 2295 926 1198 1028 8366 9781 6709 8234 3918 1953 1942 5871 7204 7883
334 4186 2436 8637 4934 5295 4787 9608 6575 6527 5887 1626 2565 1383 5446 1668
335 2109 8523 3451 6826 9566 6742 3823 6440 9066 4592 921 6234 7351 7026 1979
336 2658 838 2201 4214 5271 601 8224 6928 768 9846 6374 597 1369 6164 5500 7055 76 5307 6538 2 7153 9968
337 8744 113 7342 9168 729 1180 5649 4723 4416 2270 5509 8269 2986
338 4478 7213 9362 7840 7604 1792 9565 6148 3911 1978 9779 9292 1647 511 5962 2962
339 2948 4242 2769 34 8801 8170 2499 4618 5203 2518 3468
340 2272 5534 3794 1075 78 7447 1763 731 9184 8444 9954 3666 2340 4269 4341 1134 4176 4314 6134
341 4090 5574 3418 6371 2123 9485 4008 6656 699 4564 719 2437 3521 7709
342 429 3549 491 7916 4759 4081 4226 9999 214 9764 369 3982
343 8363 9014 5683 7642 1230 7701 7949 1703 773 2551 5054 5860 3703 4824
344 7885 6713 9312 3573 4901 6641 5639 476 9598 1231 5898 8467 3490 3536 5248 3513 5964 3758 3521 776 9160
345 3330 8911 3210 9109 2965 7028 8300 2084 2840 4587 1062 9657 6836 4400
346 741 5158 6063 8264 9926 5832 5621 3174 6289 6831 8008 1571 4501 2555
347 7675 42 5089 4335 8996 2839 6419 3797 7036 3468 2155 2569 79
348 9859 7248 8594 4562 4851 3307 6467 4797 779 4259 623 1267 133 707 1105 412
349 3745 1175 3593 6794 1681 3319 7739 6734 8096 6926 7157 183 1117 5748 9533
350 7000 9396 3082 140 9723 407 2701 1839 8001 5711 2873 9453 2288
351 1740 3681 513 1052 8136 1824 3745 4736 4612 5693 218 1394 5839 8781 5743 2670 8671 6101 9968 321
352 578 8882 9172 9968 1275 7836 2828 4548 3227 6385 4774 3573 9676 3958 9989 6406 8233 1557 1105
353 2987 8882 828 8319 744 4284 8310 8837 6467 4664 8140 6137 6 3277 4737 9478 9403 7438 4314 3936 6584 1774
354 4086 4674 8081 6095 7741 4522 6413 2867 88 5452 6586 2582 6144 6203 2349 4786 3144 9139 5962
355 344 5646 5147 1364 1619 5789 1051 8503 2553 8449 2302 838 2643
356 8714 3506 4521 9067 4363 5881 8667 9132 5441 668 917 1465 6699 412 7204
357 9099 6077 7581 5035 1802 1085 8084 5256 8821 8217 1140 2340
358 6964 5036 3961 96 3542 1044 5466 8768 3005 4066 8274 8722
359 3614 2614 6558 5899 1978 1279 9231 3656 71 2305 7329 4507 7413 7949 321
360 6506 9389 6636 6521 9517 5515 1667 1175 1466 7890 9026 5756 5880
361 364 5565 9768 5503 6457 6752 2872 8942 731 7543 9834 1961 4948 1668 352 4199
362 9856 461 4417 7344 890 734 8739 2806 5097 910 9347 1256 259 7762 5156
363 1440 7220 1973 5121 7672 6786 965 5970 5733 8185 2898
364 7311 7043 6901 6916 7282 3476 5456 1122 3743 8455 8188 6029 139
365 4260 8362 2881 728 7927 8055 5528 41 8517 637 5030 6223 5531 5748 7762
366 7651 9996 5669 4564 5174 8705 8400 6267 6909 6731 8043 979
367 2939 1698 4445 9295 4644 6084 9270 5030 9604 2836 6941 2726 3677 7698 1534 3379 7699 5715
368 7649 5892 4991 1250 8079 14 9830 3931 6727 4183 5862
369 8681 4538 349 2338 1233 9691 8938 2384 2701 7623 5385 8418 4606 7987
370 29 2780 1650 1548 5005 2369 7301 8440 6002 450 670 5962 6938
371 9102 4033 9746 8675 1236 5169 1533 6551 9056 8413 9295 755 6306 5053 8293 3012 2962 3074 9968
372 1202 4992 3522 1028 756 6799 1806 3423 2968 3656 3080 6014 4985 3012 79
373 8443 1710 7974 7087 8390 8081 5966 699 1313 5306 5251 9683 372 5830 6996 7852 8125
374 8717 8222 1192 469 8930 8740 1116 366 7368 1693 5014 838 7762 6613
375 4607 9153 7231 6872 1102 220 8159 5934 6483 7117 5003 2114
376 2485 9389 2963 6357 4148 6953 9617 6186 926 1383 4914 1580 8722 6049 2128 8491
377 9689 4721 9876 2418 8978 3644 4586 5666 616 8997 294 6226 3897 427 2555 2240
378 1451 6546 7938 154 5402 8664 3008 8618 7066 5089 5033 6451 9483 8439
379 1529 3460 7174 7798 6267 6810 9312 6414 8392 5787 8595 5458
380 1168 8878 1648 1519 9177 3522 3059 9945 826 6802 7669 3894
381 949 453 227 4382 919 2860 5777 852 741 9487 5639 761 7827 7742 2158 2666 3877
382 4883 2961 3153 2326 897 1458 9087 193 364 8131 2915 8524 6672 9930 2962
383 5886 2560 490 6653 2607 3596 5750 5317 4402 1098 5048 8140 9162 8685 2943 3043 5715
384 702 7672 7114 2977 6138 715 1542 8373 2487 1569 6739 3383 3836 935 6534 79 7762
385 7264 7676 5885 7169 2206 3747 9074 8085 9850 5008 7372 6262 177 6611 2790 9533
386 2551 3044 4703 1087 5234 5547 1398 2999 4764 3702 2367 4497 935
387 3811 305 482 4902 6809 336 4744 2517 9612 2129 4203 6101 7987 6938 4728 7120
388 4225 765 3764 20 457 895 2979 1435 8142 5119 8728 4654 5041 3926 1670 2962 9968 2240 9533 3012
389 5807 7190 6925 1109 7063 7586 4570 2641 6721 5532 7179 1668 2288
390 4808 5141 9423 5972 8846 272 9675 7383 7967 958 3236 8125 2 79
391 5690 8164 8966 96 1195 7251 1447 538 6523 9528 6120 550 8342 4143 3074
392 9681 2783 9705 8165 233 6724 6078 9433 3749 8788 8987 8343 4027 8130 935 4199
393 5710 8960 5941 1834 3252 1977 3551 7808 6903 8346 2676 2699 7569 4971 5326 1670 979 3894 5643
394 213 8135 3975 7686 353 9326 5011 6679 3041 7439 7204 1984
395 3713 1815 6622 5016 3458 5888 6854 5770 7238 8729 550 321 5715
396 7232 758 8389 6202 2072 5785 3267 9303 109 4781 5412 8994
397 2785 6552 7879 8215 5071 7676 5161 3636 955 4341 3543 2240
398 1038 2032 7367 151 4893 506 1988 9576 8155 317 8038 1900 3043 4855 2630 9013 2288 9007
399 3334 2521 391 3118 5166 3716 5551 7472 7719 6060 8756 450
400 4255 2765 7158 8485 6618 2502 4491 6594 3092 6086 5656 1979 3877
401 5792 799 5933 6942 7491 5795 3810 8457 9611 6727 3501 6860 7606 7153
402 1283 6506 6557 379 5011 4422 2963 7624 5445
403 7340 5282 8796 1793 1518 6761 323 7027 7787 2666 5869
404 9476 3533 8033 639 9383 6739 6602 2218 1725 5451 4607 3660 7786 1852 9604 6617 5359 2
405 6394 3 9366 4790 424 6070 3664 6037 4880 1760 2595 4260 2475 1763 79 6938 8994
406 8471 734 5234 3147 2017 7943 4896 1777 3837 3417 4268 9194 1368 3004 9990 6613 5962
407 6227 4214 602 6245 1682 3795 141 1140 9481 4133 6168 2030 2086 7922 5880 6327 3836 3877
408 9960 6456 1180 7141 8078 5701 9647 8762 7351 1853 9940 732 3521 7652
409 6003 7743 9422 7105 6270 1432 766 2494 9762 4954 4377 1498 8920 4020 7438
410 7225 1201 2457 2654 114 7547 2490 1409 3465 1680 7864 7880
411 6040 9962 9838 8052 3879 4800 5168 1127 4141 4604 8248 7234 5880
412 2938 2741 5754 8425 3291 2191 8951 1402 5852 7885 4769 7788 650 7465 8375 6447
413 3702 1113 9284 6165 6186 9686 8782 7758 3033 773 9141 9979
414 9170 3291 497 4264 2107 5179 8084 107 4224 8337 8263 1465 2491 9380 7652
415 4251 5466 9537 6974 3414 7724 153 4147 6635 7694 4326 412 7949 9968 9842
416 5705 4475 7852 5886 7879 5965 5728 541 9181 3536 23 1496 3982 9007 3830
417 4580 62 4996 6686 8090 4279 5902 656 7591 5479 6448 4923 7290 3376 3894
418 5943 936 9351 3463 6221 978 7655 312 5017 9864 6739 5445 7762
419 4000 54 3766 7059 5819 1159 1482 2282 5936 8387 4985 1429 7699 7652
420 5729 8874 4444 2202 3866 9438 2144 240 898 661 3414 4691 9404 9199 1668
421 7360 6253 1957 6425 1766 5522 3388 2197 4935 9444 1238
422 117 6411 7531 5847 4893 6848 5716 4681 7076 4004 8116
423 5351 3235 7131 8278 8863 3399 6665 9196 3471 8272 3362 5869 9461 1134 979
424 9196 2958 5121 6899 6961 482 2574 5952 6267 763 8040 1323 745 9244 5448 2643
425 1094 9189 5213 268 7074 5830 2647 5658 3821 9904 7713 7413
426 3005 8852 3100 9019 2588 1924 4418 358 9241 4274 3203 396 9130 7485 2392 9930 6327 2962
427 1336 583 4328 8786 847 6554 468 8493 5115 2979 6338 8424 7734 4635 2003 5295 2123 2458 7992 650
428 9366 7901 7980 639 5015 3086 6706 3772 187 9569 1534
429 1259 4029 2245 7609 7927 6395 3692 8976 8765 155 8387 6899 4527 9533
430 7138 8615 4335 278 6472 6227 4258 7220 8513 5547 8095 7630 3894
431 5634 8350 2425 3385 6371 4567 3169 2120 8939 7556 3110 6675 2458 4091 1299 1429 2327 1984
432 1813 6240 2896 2787 4318 3725 4066 9142 2850 2085 2555
433 6642 63 8804 8363 5617 4522 7925 6592 1097 9686 574 7968 7902 6613 2288
434 333 2338 4195 6447 5846 9159 8472 7197 9291 9534 2444 3074 7413 935
435 9327 2977 3993 159 3344 6510 366 7383 5272 6036 3751 1657 5099 420 5869
436 5191 3421 2887 9450 1814 8657 4990 3524 2617 7688 6020
437 6492 9303 4866 1470 5488 6775 3530 5605 8499 8461 5986 3058 8614 9711 4093 3251
438 2203 3398 2219 3909 6610 8186 4242 7097 2602 5948 9047 4999 5548 8306 3543 7001
439 2363 3415 5956 7078 675 8635 9526 2998 6647 3613 3146 1105 8043 5880 7153 935 2555
440 7741 806 2770 8860 2228 6260 2107 6677 3714 2964 4505 5239 9014 352
441 1000 1014 6543 325 129 734 7469 8416 7388 8587 8169 4871 2986
442 9592 6547 417 2614 8170 6282 3153 4648 7317 6257 5798 9777 9693 8506 9930 5099 2555 2340 3936
443 3783 7859 4777 9763 9300 2020 1479 9232 608 4005 2275 6063 79 4377 9244 6613 447
444 5429 1889 8143 7543 1000 6524 8260 6470 5285 2611 682 3926 8462 1105 5216 6101 2327
445 6179 1902 947 9516 4747 7340 905 7599 3664 7806 321
446 2879 4140 9132 2671 3015 9785 9072 4462 7498 6502 3946 1036 8439 2240 1534 8125
447 4708 1403 4489 812 5590 3744 5244 5309 2177 1942 3914 3184 2128
448 708 4821 2229 8427 2624 5627 5994 8167 7676 5416 4010 1761 6970 6698 1871 7240 3074 79
449 5941 3411 9250 810 4632 888 1060 2744 7608 5788 4199
450 5447 1202 65 4139 857 865 9640 3584 7723 1921 2458 9579 1150 8710 8183 2962 3982
451 315 6167 4089 2805 9534 7028 5436 9137 9414 8674 8687 2962
452 6974 5980 1966 6607 3143 7026 8757 7249 8162 1657 2439 6635 3877
453 9079 3249 4310 395 3506 4386 5856 2433 6115 4194 4511 6102 5940 3049 609 5572 3936 7120
454 5022 4090 9827 9217 4785 7631 788 2234 3292 2713 5969 863 3004 7179
455 2559 2957 9400 3021 8440 8743 7368 6628 8817 413 9181 2790 935
456 4292 7147 8916 4518 4428 1159 2195 1761 9236 9284 9430 9023 7153 2962
457 529 9954 6863 379 4749 9280 1773 4933 3227 1749 4194 7278 7431 6149 402 7883 4199
458 3324 9930 9094 2754 2252 590 2548 5119 9189 5030 6100 652 843 7652 6258 3012 5412
459 6563 4182 4172 915 5495 8067 9188 1212 6023 2799 8387 745 8716 427 9007 321
460 4394 348 8291 8147 5161 3841 8981 5040 3036 1283 7883 6153 4340 2240 79
461 3341 429 2498 6798 2544 2956 5047 9236 7719 7960 3044 1987 7474 1625
462 2297 6518 1836 4955 331 9622 9787 4994 2058 6010 6712 7438
463 7800 6907 7710 7295 2472 7356 8509 7841 9458 5839 557 9990 6258 3103 321
464 3279 2454 8717 7223 4454 3531 2746 4718 3741 4626 8431 5064
465 7703 3126 9716 206 4821 4279 2408 55 7522 9655 8069 6938 2
466 9967 8516 5796 3744 7859 2101 8116 8140 9549 3300 7550 7577 6954 3371 7240
467 9458 1191 9988 8279 1276 3086 9218 1084 1319 632 6318 4364 1353 4027 9197 9533 2288 5962
468 4511 3325 1571 6605 7781 5252 5770 5659 6555 7512 1618 9313 2650 7088
469 2119 5296 1040 3667 8831 5917 6260 2183 2521 3024 5500 5346 1708 2699 1774 3074 9533 2240
470 9823 7736 3715 88 5738 676 3977 4055 9634 9204 627 1037 5448 2264 3584 9903 2327
471 4778 8052 5682 3884 2550 1152 3313 1034 4733 2572 5409 3723 1348 5219
472 7430 652 3739 2078 970 354 9732 444 9691 8682 210 5826 6611 2870 7078 1546 8618 1134 8994
473 7112 8357 8822 3308 1634 6645 4892 4549 2882 3111 182 1091 5177 7968 321
474 5277 6144 773 2188 4123 6488 6208 1678 5499 436 1495 712 7708 1091 8644 5880
475 638 9011 3132 5504 1536 6545 3471 7979 3596 8528 6675 6370 72 3624 3926 3665 9436 2264 321 6613
476 7329 3887 8276 1576 4264 2795 3837 5908 3991 9640 3368 5176 5219 6538 1752 4962 7883
477 5127 5456 9857 2706 4039 338 2308 3298 9912 4837 745 9677 3830 6258
478 7316 8861 7233 7357 5330 9103 3333 9172 3440 7861 3103 8994
479 6880 205 7991 6378 3128 5720 950 3964 1008 6530 1511 3085 3540 7068 9265 1625 2555
480 7155 3720 6240 2642 5907 6480 810 3285 8841 3243 6872 6646 4755 5307 8105 8005 6082 3012 2240 935 79
481 1571 8738 9408 7252 4040 2844 6809 3176 1002 6382 7422 4866 660 437 6534 6281 2858 9139 935
482 2973 1207 9024 9538 128 9655 8359 9057 9318 5891 6355 838 8005
483 1047 6691 2953 4561 9953 2519 460 6168 6587 1232 4486 1195 7984 3758 2 1668 935
484 9722 3099 9522 4045 6457 2572 9675 9595 6573 6119 8751 8267 9007
485 4920 8281 5442 1801 1973 1222 1 7955 5703 5961 9301 979
486 641 4624 1845 306 9238 9576 9986 1389 2599 2936 1692 7680 9090 1601 5386 7429 3074
487 1331 5723 400 2946 3456 4584 1757 5667 1887 6231 8027 3885 7429
488 1828 6573 2135 4721 4792 119 1075 6237 3610 7880 6467 9467 2962
489 7904 2228 7500 6762 9640 876 7510 4324 6011 1562 7499 7452 1554 8020 4372 5449 7742 5072
490 6804 359 9022 8636 1664 6713 754 8056 7848 1238
491 8163 9252 3083 2974 5633 7250 2079 2105 2490 4042 4271 9031 321
492 2256 1604 4969 5107 419 4163 8769 8918 4822 6889 8005 8462 7732
493 3410 1467 3634 8780 6295 6164 669 6053 4677 5325 5662 9116 3827 3781 745 427 321
494 1437 1636 5554 3123 944 1197 2635 9935 7295 1950 155
495 8741 8430 5081 7664 330 9541 4411 8757 8509 2002 9638 9199 6986 3836 5715
496 7134 2981 5649 3672 6444 1881 7755 1937 5024 1841 9354 2791 7762 6054 6692
497 4924 9711 3541 5392 7663 4137 1331 9851 1745 9085 9386 7049 6369 2
498 2730 3895 6501 1325 2426 3005 442 8792 6222 1907 1262 9443 9841 155 3320 5645 2986
499 9764 1597 8600 1892 6924 7530 9074 8980 4080 1077 296 1307 9950 1 8193 935
