100
0 3511 31 10 5469 2978 7013 2340 4589 279 17 1208 5561 52 7301 62 339 1512 774 16 2509 23 717 5820 5675 5414 2288 5046 882 179 568 36 27 316 968
1 278 25 1 0 9903 464 58 1403 22 430 178 37 5519 2 323 5361 4 46 364 41 831 5515 1572 5 700 7269 123 3198 14 13 6890 65 240 406 1581 7 9 1089 199 3923 485
2 23 0 16 137 9547 2 1 41 111 65 2878 34 110 54 1311 9 11 21 180 6359 50 252 74 7702 4 7 637 268 178 1039 1495 308 27 1845 53 751 103 333 161 2264
3 768 257 2696 6166 1073 98 2078 169 22 255 42 903 54 799 971 179 142 698 1841 5165 38 2738 130 401 1123 99 31 125 1065 229 356 1334
4 24 6205 7287 8518 514 8428 7122 86 3946 319 2413 3175 862 392 106 5196 589 3769 1377 2460 818 22 323 2894 257 308 1679 482
5 105 53 16 118 574 513 4152 215 9262 2014 318 602 283 195 9085 767 77 487 87 265 51 60 6797 81 2928 362 113 155
6 2196 53 146 109 15 719 650 1213 16 17 34 133 76 2785 1106 3604 195 348 158 2853 2743 102 4465 716 1246 30 124 3909 1033 27 500 8480 8 128 2076 739 95 176 9502
7 38 74 0 4848 11 303 1 6031 119 848 807 170 118 30 5429 4752 31 1315 41 1590 5222 7 380 167 331 50 3548 485 948 398 66 24 151 1576 1296 17 3500 2983 63 9517 1290
8 1754 18 3179 6555 1588 125 500 2622 5186 2491 275 79 3059 1735 855 97 26 40 815 4885 135 412 3932 4316 537 2627 3969 61 8620 64 2171 261 88 21 408
9 293 4253 5 0 123 5226 174 1756 425 6 676 99 1148 95 3 156 4 21 12 35 938 187 656 7 219 26 13 1456 2652 88 5641 2735 951 2973 19 6729
10 203 1363 4 24 33 2 17 26 1390 4430 836 0 6 346 12 533 11 2950 9053 2628 529 23 4526 559 9086 1 142 5638 1041 4372 628 13 2848
11 2 0 24 18 7884 236 50 1 492 5 72 3000 653 349 17 3 7155 34 3224 11 7 6 112 245 90 1621 25 9 8168 201 1807 45 316 742 131 91 185 120 356 1122 2513
12 117 0 29 3 6042 11 45 28 300 154 61 2 9 845 288 1 2757 116 1378 5762 6571 16 519 78 2177 1250 383 82 333 7399 57 2961 90 218 10 3955 20 1476 14
13 1402 49 2568 429 122 5120 34 375 567 1828 275 1271 3989 4162 325 5604 6480 174 16 244 1407 1506 95 58 750 611 947 3648
14 3773 174 4539 6756 712 4788 4417 49 93 3794 414 3516 17 1228 68 1149 3127 29 745 479 152 1001 74 7064 19 81 304 325 244 432 751 4672 3125 2300 139 164 2955
15 5361 67 99 179 5005 23 5812 1532 411 33 134 11 353 4 984 161 2960 280 20 501 37 212 3266 295 3194 1137 21 49 9040 22 52 772 54 7 138 103
16 7367 12 706 2096 1097 816 185 456 195 1207 3950 481 1027 270 1709 102 450 506 7791 1811 417 6630 1579 186 56 156 256 276 176 14 2112
17 8 454 7 94 14 5893 759 20 4278 1710 346 435 42 3900 19 10 665 3274 67 7818 96 13 12 633 2202 247 83 17 3735 510 5278 8015 361 1077
18 5 1481 2688 979 130 1687 879 286 421 301 3626 192 1973 95 506 12 157 393 17 1082 4781 678 8 33 1052 32 245 790 2990 465 8703 7182 19 22 439 1604
19 2193 7463 153 338 3797 517 8006 746 9718 5108 1788 7893 309 3573 384 1212 1666 2380 3203 86 3350 7387 4773 12 1873 871 5497 589 539 536 468
20 62 19 247 5154 210 39 1039 214 11 1 137 250 0 280 23 3 7606 516 27 935 655 88 218 20 44 82 2 26 561 148 86 18 669 1290 7 9519 1058 4 107 331 7347 120 919 5526 583 138
21 6 109 2546 8 0 10 412 4 342 18 9 13 168 9677 12 2025 1 77 2 74 409 1293 85 1148 5 463 1304 156 2160 249 474 2848
22 96 2 49 40 442 3 24 462 205 47 173 4 89 157 22 822 6731 5 168 584 230 458 933 6 133 60 2045 59 843 45 28 316 193 1310 859
23 50 1156 26 39 33 1042 1948 35 233 1959 1438 19 3324 1677 5834 1152 107 46 1967 885 1105 422 1686 152 44 2664 276 4477 2579 45 126 3700
24 4 65 167 21 323 769 75 1011 111 203 31 1 125 725 8601 6408 9 93 3843 6697 6238 91 225 3699 2187 6 602 1429 64 22 16 8488 2060 1572
25 807 226 36 1490 21 14 22 1859 757 3 127 2191 952 106 602 6943 113 44 1126 2494 130 5532 27 425 7685 109 577 2737 83 69 176 1482 1495 7242
26 28 1436 9798 2844 406 222 63 12 1027 6249 328 4 1 587 5027 289 469 8 13 27 1127 258 3730 1816 2333 597 278 189 5893 71 4807 4051 1388 554
27 0 431 12 3 6 5 414 4584 121 45 1 33 2805 9 343 10 35 59 626 52 2 246 107 3140 24 124 2889 5830 409 1732 299 1117 2780
28 29 55 51 105 830 1865 402 309 83 38 67 645 161 349 7431 1663 217 97 408 1017 103 209 8871 31 975 554 7854 264 32 1000 5 1506 900 1263
29 182 723 1461 36 780 127 112 196 44 34 358 793 131 424 296 59 190 541 309 984 3 15 3158 517 442 887 255 231 2524 1272 1506 1351 106 1721 26
30 2156 5792 8875 134 196 10 9471 15 2967 37 914 1754 6 6097 6696 715 314 1963 4325 8938 431 247 8427 9360 163 3943 5417 1906 2014 42 126 707 1610 4514 4597
31 5 3618 1530 354 1320 238 0 29 6 3 172 39 5021 5359 4683 53 216 1989 4604 6705 2 1 26 694 170 143 147 1088 55 549 655
32 281 0 6 1 180 1368 34 505 3 4 186 104 2882 2 11 4227 5 7 861 49 709 15 18 3458 272 1150 4040 44 3053 6614 4048 301 148 121 176 138
33 66 582 118 4129 7437 151 1257 2624 446 289 523 2219 990 75 20 31 2862 8 16 82 203 58 17 18 57 34 158 13 85 809 337 5492 102 132 11 1954 2848
34 0 55 89 4104 1 5850 1378 264 550 3 24 1866 2986 101 4685 148 99 70 134 8076 4474 3768 35 1902 6604 437 2619 128 4133 909 224 329 396 4895 1737
35 1 35 7718 235 4 3236 24 11 1752 7970 259 476 2239 483 1074 1909 5221 6012 344 7 4164 137 471 44 529 52 836 186 89 763 4613 8450
36 2979 712 676 35 17 105 206 1005 9562 1481 379 336 158 1168 3317 41 1919 989 5001 805 3535 84 7748 5 48 1886 36 60 4984 1638 3604 4662 208 1052 8454 126
37 3140 10 322 19 1372 412 6755 395 62 2 6 15 18 51 514 866 16 817 594 54 106 1233 363 69 4659 57 6130 587 7 4 371 1446 1089 2469 137 2430 332 1077
38 9906 470 506 4361 323 7924 4032 581 9607 1844 110 853 186 101 5675 5144 73 1288 231 82 498 205 3144 293 1325 28 1958
39 1 1251 322 94 3 2 701 189 56 99 13 6 9 2128 0 796 4 118 169 546 21 632 7593 3813 26 7 204 25 750 2383 355
40 539 1017 3400 95 3488 182 527 928 248 147 1053 211 439 48 452 262 11 15 205 90 178 3016 284 202 3879 7574 1846 80 28 4790 277 566 1958
41 52 51 4241 3784 3017 75 5801 7591 1837 4858 2014 4618 5688 1044 181 214 422 1815 490 284 29 12 38 33 908 2079 554 2076
42 42 0 1108 432 36 19 46 5412 15 9338 422 1 2 3 478 44 6 1460 1552 205 4 3617 588 383 315 1694 815 37 81 9 5150 9517
43 324 194 103 7797 54 477 399 465 347 1758 30 48 234 76 3164 6702 2611 502 158 505 14 946 3387 144 1509 3181 1421 1967 44 199 1876
44 5524 1561 269 2625 7979 56 61 7278 207 1588 2312 603 224 2293 1886 339 1379 212 4226 311 105 275 68 789 6161 64 1666 30 32 371 2291 4977
45 225 229 47 384 2 27 239 11 1601 4025 9 6514 6001 1 310 18 365 8 753 2190 4211 42 3761 17 278 16 183 31 6 5999 193 2327 509 107 44 131 1954 2818 554
46 338 419 505 476 544 2838 7 124 31 429 773 1074 2842 687 36 503 3941 119 2932 371 81 30 93 7672 3593 111 489 149 1643 88 48 139 8 197 155 1502
47 67 1119 194 4 245 775 8150 5990 3 2266 17 1072 981 55 344 28 88 250 236 345 92 26 96 9134 129 140 101 266 37 5 4063 13 115 1235 193 9768 1001 138 253 1134 583 1200
48 33 3684 5728 2863 366 55 25 218 28 3 27 3692 124 96 4821 79 7 1371 11 103 35 248 2825 8616 1260 2920 39 2988 315 1653 134 389 1554
49 111 6 4152 1107 38 1696 8973 272 3 419 88 2 297 1959 0 118 123 646 42 486 66 4964 6137 113 14 108 3249 9957 64 884 566 316 138
50 4 1574 1141 1084 5 301 343 560 3246 313 464 1710 14 19 9556 4139 1237 228 8839 7763 44 9 1004 2087 67 6828 87 20 3443 52 12 142 5969 4188 1482
51 0 1 9234 28 33 4 2 8783 9 213 6 23 4705 597 788 4606 288 78 966 14 13 22 2410 63 200 7 508 21 45 1728 17 159 24 725 334 1989 2420 27
52 67 2603 65 2601 136 541 418 20 1853 6919 951 347 12 7085 286 78 135 127 1153 893 579 3819 1023 4415 62 344 383 115 341 256 7307 2948 4421 1395 4869
53 2 510 26 230 7433 23 2282 6 11 334 20 4 21 45 114 19 22 3038 121 216 25 369 4478 100 70 225 1434 1 978 62 184 7981 171 266 161 2135 295 2052 72 138 968
54 1729 1514 22 159 3790 595 4408 2228 13 4225 491 9561 2005 1027 1489 962 5 3881 168 6642 6398 433 1048 329 308 4757 1880 4060 1532 4722 2587 9749
55 460 1137 0 3 163 53 2 115 19 1 3425 8345 10 543 11 15 377 57 14 8 5 9 2710 2456 173 2105 64 2739 348 747 13 18 55 404 126 3244
56 32 391 11 3 108 19 112 2431 18 2282 1913 2051 179 8114 44 799 6348 3796 8702 1697 35 8 5 5566 1591 22 719 62 9742 2451 58 4452 1075 20 190 635 680 632 3006 5276 121 1184 859 4390
57 7 11 456 82 2883 21 25 2458 268 4859 5724 619 2683 10 1595 1706 136 83 69 9566 53 20 116 2062 287 5797 372 378 43 6169 778 14 63 708 797
58 936 760 6571 73 475 294 1587 666 860 4596 688 2593 31 1414 608 8355 1700 175 434 7170 6382 128 8806 196 235 58 1614 118 2184 9073 120 1263
59 1728 1264 1566 216 2295 2479 902 127 82 189 2980 37 762 1412 605 58 70 585 933 4184 41 1066 579 83 2692 80 12 305 477 48 139 226 204 27 8146 977 8450
60 130 1128 1213 2380 8743 6379 15 132 19 1723 26 5442 753 5269 1361 257 280 401 83 4837 25 1775 1513 685 1756 124 1988 713 3484 1807 1912 37 813 322 390 123 5554
61 508 208 822 84 1300 6043 42 5882 524 7064 1983 341 360 189 798 3594 50 12 152 927 41 566 252 146 1713 444 8586 107 117 1442 9678 234 2759 28 1218 6467 2538
62 10 332 5014 164 112 117 72 77 7 56 1 2091 2 1610 43 202 31 214 1051 25 135 256 2951 4089 6044 20 498 58 2575 1826 162 197 151 37 65 46 356 7624 1310
63 0 2 2178 4 1283 115 188 7820 5127 57 34 56 660 5 3100 135 3249 425 409 9 24 2158 5063 307 227 21 6549 1397 1554 2380 14 4259 75 3642 84 285 138
64 0 2 34 352 56 4 282 987 32 299 2145 3 29 10 79 310 565 229 3940 86 373 81 6 356 52 5055 89 49 1167 358 1283
65 2195 18 891 2706 3689 519 511 2098 3056 503 7687 76 941 1582 50 8401 9493 91 144 173 147 131 200 2052 45 118 59 742 3293 2791 890 139 62 120
66 5973 2 51 4872 14 5915 1282 133 5 4180 7325 4673 300 12 3 97 103 4019 70 662 236 9 42 774 1 252 669 158 36 795 53 33 296 211 6934
67 25 0 39 2132 63 119 32 8 1863 14 38 15 19 2 779 240 29 2769 68 1843 47 1623 157 601 1345 60 1225 375 1956 286 71 17 160 57 2148 229 468 1290
68 462 9 8733 68 244 6661 433 57 11 279 81 253 4138 5350 21 207 15 33 161 1130 671 226 10 0 4 69 12 1593 156 651 2657 75 1078 197 1888 155 554
69 936 3499 3059 699 216 2662 738 1197 257 231 59 689 209 47 1017 145 433 7281 3392 7337 171 102 895 243 41 963 15 6452 6692 635 1877 187 107
70 912 758 226 2052 48 201 115 68 67 43 338 24 5605 1393 752 65 37 113 56 30 351 1909 553 409 1803 78 1511 4390 5667 410
71 2684 0 67 1 41 1389 350 5020 84 391 37 5 1099 143 3 29 2212 2 180 448 9357 153 4 6438 6 197 360 437 17 9 158 404 2591 3097 968
72 724 8512 15 187 243 2218 8629 251 136 2262 1428 755 1353 2195 67 2473 248 51 60 111 313 6094 3828 84 332 2859 246 2094 327 180 3358 6126 355
73 70 127 1562 293 6504 4151 1516 3357 658 220 2860 348 36 317 1442 2172 1128 475 6874 693 1756 952 51 31 5235 163 7798 2741 69 776
74 2385 0 22 264 258 612 142 12 8365 21 4 2 234 435 625 517 3502 13 64 1210 1401 58 40 621 418 1332 659 184 16 992 275 9295 36 2522 148 1979 6450 1026 145 2048 121 1583
75 662 14 13 64 495 3 5 1966 1841 7995 16 2610 32 10 722 770 102 17 6 47 87 546 248 835 97 1373 5672 118 454 104 8 304 69 9 155
76 0 43 2 39 10 3 3228 16 27 455 5 22 128 103 245 11 3279 48 17 47 1 8 35 556 6 34 45 108 188 305 155 869 2060
77 134 18 499 7 2517 76 273 16 2942 222 19 20 447 217 635 1407 1071 78 8466 6745 2378 3603 658 183 62 254 9355 1087 203 9710 5872 533 180 95 715
78 29 5625 143 32 1361 1950 12 248 30 25 72 676 2088 724 105 381 14 2702 467 397 6171 1406 292 145 15 7815 218 7895 859 3756
79 1100 87 246 73 6087 2527 4362 4971 1021 60 16 206 15 682 169 9 498 1861 19 8579 1459 1959 130 6662 1748 1985 76 260 636 27 355
80 609 99 4680 46 71 380 15 1232 115 37 5479 109 17 8 382 224 3528 57 1866 16 197 95 753 172 589 9794 916 6410 7 2424 3166 186 330 62 309 686 74 3975 1173
81 56 3430 3252 103 93 129 1361 37 200 5170 28 131 652 94 1079 44 4386 934 715 2496 6912 10 662 466 20 3712 152 2475 5731 510 1571 8992 138 155 869
82 21 1759 16 9711 1606 7 1937 4 337 32 59 5472 641 502 839 271 24 1424 60 61 718 101 1671 165 355 1329 320 6037 4968 65 63 120 69
83 89 6 1857 0 2 4046 1 279 21 349 150 25 13 6607 1483 593 54 3 56 42 561 92 155 66 6158 36 6137 73 39 714 126 513 2433 4090 3244
84 265 576 45 238 2958 512 3032 1236 5091 1968 9460 671 9305 904 58 48 1872 277 2967 40 3301 120 1217 5063 0 3 104 181 25 641 351 90 4908 29 156 126 176 138
85 101 232 122 52 20 9442 297 6234 25 40 55 412 90 38 73 216 217 59 1449 69 176 2024 14 475 3559 2065 121 56 4240 53 114 2562 120
86 0 500 2051 33 2221 98 238 5 21 2 4 3 1757 227 23 10 7 77 218 351 1896 11 2987 1121 9041 1318 96 13 79 1340 3110
87 8949 251 6779 6052 97 91 949 2498 6045 9 2334 24 425 2594 177 2482 110 12 1009 3160 82 26 242 1725 451 293 5246 152 677 5136 166 224 2841
88 47 0 3 2 26 1583 21 45 4 117 5 100 6025 3915 1 12 672 7777 1503 42 17 29 19 24 169 1591 796 5778 92 216 13 38 27
89 1 726 72 6 8843 59 281 1996 538 44 5270 105 75 3354 3526 39 112 257 155 837 10 199 3644 3137 447 28 156 267 151 30 665 2019 669 178 252 583
90 6 3223 15 28 1071 6160 10 4479 8 2209 1808 76 1828 655 141 229 3814 158 155 238 25 8461 1110 1776 4329 452 7266 322 250 1462 3977 23 3022 610 98 720 184 4171 9054
91 71 25 3208 253 22 145 2424 338 177 1804 1927 3794 46 378 1119 161 193 426 651 663 209 61 8088 455 139 1016 4370 2665 15 3003 164 3066 55 2650 5275 443 82 4081 120 1691 14 4148 114 3244 6018 1671
92 40 585 1054 68 4630 8 2360 5 25 20 14 121 475 7 21 141 50 399 73 30 8444 364 71 165 8948 715 13 590 18 1456 105 906 3676 1122
93 4335 493 76 2295 470 68 589 59 1435 3488 162 580 70 6783 87 3532 1080 1515 2552 1396 66 16 739 213 3282 428 299 1667 1951 2809 948
94 232 960 12 114 23 7971 842 22 135 91 268 1741 544 2968 6424 332 557 63 1140 8103 33 130 156 218 258 85 6785 7590 2329 337 21
95 458 455 460 2852 196 488 46 2102 1635 350 1367 270 1257 457 267 1375 192 3661 78 81 61 34 1963 183 908 152 1628 637 5392 362 148
96 689 1465 100 2720 170 2165 41 271 2345 38 106 243 883 58 2886 4632 593 174 628 498 110 2477 4914 418 191 19 8692 1417 2164 1899 330 8 290
97 670 31 4 34 0 9 14 99 519 1478 3 658 413 212 1258 13 6 61 2 1992 1002 960 1 278 358 1938 411 5 168 249 4301 6102 4142
98 205 1487 46 106 1 42 40 0 179 43 410 5 23 9 157 26 1658 175 2 8 13 5748 6400 556 56 5645 6201 1636 17 52 27 236 3097
99 7 1966 8 116 2498 15 9 14 51 175 75 5299 270 1209 19 389 301 498 16 933 37 168 1017 1401 7497 3881 6689 117 5197 97 303 41 8056 27 2478 5863 4947 599 4552 199 5681 38 309 155 138
