100
0 1263 968 138 2076 797 3457 120 1656 126 2841 252 69 236 184 679 2659 410 1643 1412 8 751 27 253 193 316 63 139 1476 309 2526 1799 229 896 815 3489 164 1324 152 28 9 720 65 632 6915 7408 145 62 4568 1242 102 4460 1522 299 1862 451 6134 1110 1725 14 74 2849 2169 7013 7 158 37 72 131 135 19 789 3045 1223 6045 6224 6607 1702 2919 82 1884 928 1558 5136 2509 574 1189 949 1808 615 57 110 30 2020 2977 3293 146 1227 231 123 538 288 11 2268 5561 23 663 35 377 4048
1 1290 6049 3198 1572 869 485 404 1089 126 8734 1597 69 4607 199 184 5448 356 6035 940 1632 1388 8 290 27 253 684 1440 63 243 6628 164 309 2902 65 9 28 5011 7292 484 815 4864 4525 268 145 280 299 1287 3747 37 4703 135 1327 7 158 301 5311 3543 72 596 62 14 1783 1189 74 928 4589 187 3961 19 1943 3369 7269 58 594 114 735 57 123 1292 9356 2270 1918 4320 910 15 3912 1581 240 7071 6422 30 707 2061 3692 749 2508 7597 1300 88 398 5 147 288 140 178 44 436 3185 2226 61
2 2848 554 2780 1572 176 2614 1089 126 120 3514 252 69 1554 4291 356 442 731 148 3448 3888 8 27 253 193 8719 9301 243 927 1756 309 63 224 139 1762 4848 9 285 28 484 8374 2136 65 1506 145 967 342 432 1522 102 1587 3826 972 1571 72 632 37 5132 131 332 7 9421 62 114 542 57 9464 6188 158 19 14 3981 6327 841 3137 5050 487 510 1629 805 78 2391 1702 545 82 2270 1558 74 1307 2847 1548 3095 1497 5872 884 1224 198 15 370 240 7519 61 44 58 2799 175 11 178 396 5878 436 1966 615
3 1671 1334 583 155 725 4347 9138 120 355 1714 69 199 197 442 4594 549 121 494 8 290 253 2572 27 7776 63 999 139 426 4507 2067 309 224 2265 65 28 585 484 907 9 1506 3455 727 7977 524 7373 662 2047 2533 612 301 9710 4336 7253 19 747 37 14 62 72 131 7 348 332 3025 102 249 158 7975 206 187 74 496 58 1124 4221 408 78 82 1606 2593 57 715 971 5872 103 2824 881 147 3121 112 7342 2840 231 803 1325 1628 1530 2992 1215 735 375 15 38 210 161 70 255 2859
4 1502 138 859 155 1679 3348 120 126 1597 482 252 1881 2478 197 3999 1643 737 671 8 849 27 1734 6388 243 7895 139 229 224 9832 63 28 907 285 1521 9 4157 552 5616 65 4130 299 432 152 107 637 131 342 3995 37 7 158 7687 19 443 2431 78 14 5442 7275 3976 72 102 57 135 9464 9946 62 3420 1113 249 2348 4611 325 890 2654 157 5390 15 3033 74 2442 2132 9017 3692 3293 21 9290 8901 3769 7313 424 84 2143 519 6058 5 112 6913 132 454 1431 503 183 58 82 119 335
5 1310 1263 138 621 155 2614 6347 126 120 948 482 686 69 199 1070 197 148 121 7537 1225 329 27 8 290 193 1756 316 9447 4807 63 1065 139 4258 566 2168 28 552 107 152 1195 1106 9 7908 1031 65 524 1153 280 37 145 8040 249 135 1522 747 1095 158 1327 1541 2430 829 14 501 62 72 7 1540 2292 4089 1725 19 784 538 510 4589 117 2918 1274 1702 61 4849 1224 161 15 517 3692 103 78 3304 715 1300 21 8332 57 123 30 387 240 231 44 310 439 5 933 1023 785 3878 84 23 1853 1772
6 3244 554 138 869 176 155 1583 126 120 1184 4500 69 2148 197 5313 184 5295 148 737 1610 8 27 494 1476 6373 193 63 243 139 164 426 224 28 2902 65 1236 3053 107 3887 484 6367 9 389 152 2106 280 330 135 145 5634 1376 3533 7 2785 5626 332 301 72 824 7437 2698 443 37 3927 62 131 747 158 331 114 1933 2292 19 78 2079 487 14 395 4532 6224 187 2627 496 5912 74 57 8480 112 3532 58 6684 2091 240 5123 9459 206 110 8423 5 500 1753 1904 513 3065 750 15 96 70 716 61 157 1871 707
7 1310 7624 9517 583 1173 2402 709 977 468 126 355 3700 69 236 197 442 356 148 731 2045 121 3379 737 3211 193 8 166 27 3424 316 63 8955 224 650 164 285 28 9 7508 2304 1132 65 145 4103 299 280 72 342 37 62 4099 2768 102 301 7 5069 480 114 1159 1770 843 158 8677 1423 19 331 880 78 476 348 74 57 596 14 187 9425 8226 198 805 7355 901 513 58 157 1004 161 15 2284 408 7480 2163 2000 6747 1215 1805 5600 2190 96 103 273 175 82 277 3304 132 429 459 44 240 30 84 5 598
8 1495 867 3389 8080 155 3467 1679 5367 120 126 252 2148 69 909 3706 1780 549 121 1365 751 8 193 849 2572 1388 27 1468 63 4554 1183 285 139 28 815 2976 65 2573 1506 2140 107 9 5247 8215 3266 9030 7915 72 484 152 62 249 2608 487 102 2158 3517 19 280 5515 37 7250 135 57 4885 3205 901 7 158 2292 206 3302 1134 78 973 594 408 2627 596 8819 74 14 198 157 2649 1735 1137 2442 21 1733 117 1251 112 84 2171 511 3996 3179 500 110 1754 5 58 23 631 119 11 8149 147 1292
9 6729 138 859 2955 155 873 709 5200 948 1122 252 69 2744 199 184 197 5725 148 899 737 121 8 290 624 27 316 915 63 229 650 224 1812 957 9993 164 28 3053 1771 2136 815 107 720 9 2162 1195 65 800 2359 72 9652 8835 1168 37 2820 7 443 4703 249 62 330 1878 131 348 114 4421 659 1599 395 2563 2698 332 19 14 574 501 599 206 1134 910 1313 375 57 74 78 3121 204 7426 6593 58 117 1528 21 5558 7392 393 84 517 61 4005 365 983 515 5 15 161 273 1568 267 9350 749 82 210 196 1149
10 2848 5926 859 3477 5276 621 468 303 120 126 482 69 4266 2701 236 356 5725 184 4090 940 849 8 290 27 253 2872 1524 4226 139 229 309 957 63 28 1132 65 4317 2018 9 1771 1506 3635 268 1369 3008 211 72 152 131 62 114 135 299 824 638 301 37 4421 829 346 331 348 332 187 6543 476 7 78 19 2169 659 480 14 789 784 57 1483 198 2023 2420 707 805 1128 2967 123 161 58 636 726 5586 82 615 8355 2000 1454 110 117 616 240 390 429 4872 2416 1665 5 61 2432 739 30 2032 15 921
11 3975 1495 1954 6656 8450 1951 709 4977 126 482 2003 69 199 3182 236 442 148 121 899 737 290 8 4281 3239 27 316 139 2521 371 653 1183 63 650 65 8019 8334 28 7559 1513 9 4335 299 107 72 1834 145 131 2547 301 37 5205 992 1575 342 5942 74 211 7147 14 2126 102 7 2205 62 659 249 19 332 114 135 9311 4859 784 3231 1807 78 726 117 734 408 375 123 1558 187 1606 388 112 8388 57 161 825 2132 206 439 132 393 1300 5 742 1307 2334 61 44 15 9971 1011 1808 3224 1621 503
12 3756 1502 1310 1263 2153 554 138 1077 7929 155 176 3483 2371 303 120 126 3818 252 69 2148 1591 2757 199 184 3441 2116 121 8 624 290 27 5595 253 1850 3295 316 8707 1524 63 229 164 2159 782 28 9 6062 389 1204 65 1031 152 3635 662 5894 107 72 7977 330 1587 1287 637 62 1929 131 3533 612 3581 382 7 1575 158 114 3517 1721 1914 19 7643 1550 348 1457 14 2063 37 78 74 102 206 451 1791 300 4167 7037 901 187 58 117 5580 82 57 2074 123 3598 1733 61 9817 910 157 393 715 2592 6001 21 103 3878 15 1386 5534 5954 3119 717 634 147 161 398
13 2264 7242 1482 176 1951 1888 126 355 1597 919 850 69 1554 236 197 3706 731 549 2198 849 27 1981 8 166 316 7382 63 915 1413 1793 139 28 566 2579 107 152 145 4864 9 3964 389 2735 65 1152 7325 2282 72 3747 3839 443 4336 542 114 19 6644 158 4055 74 37 2922 2169 135 7 249 572 57 1541 2205 2142 375 9205 14 58 78 1128 784 3525 1673 15 1959 6684 636 4724 611 393 103 1112 429 2509 5902 1723 1478 44 750 5 343 1300 598 35 11 1988 70 6131 55 96 1979 117
14 2153 138 1315 2955 176 3457 303 4977 948 120 252 69 909 236 442 148 3398 6979 121 751 1131 27 8 290 371 253 224 229 164 316 243 63 665 28 4895 9 7918 727 65 720 1106 484 152 5312 280 4188 72 102 330 495 8965 268 1320 19 764 74 3698 935 14 4478 37 1768 7 2604 114 3642 62 1627 3768 501 4885 3162 510 58 2593 4417 2322 9595 9512 8355 2249 789 513 5912 1450 2975 1600 2560 6756 2847 274 4672 1884 1601 1149 300 57 198 5029 749 396 745 339 15 3126 486 1104 61 343 245 7796
15 1290 138 9365 2076 725 155 709 126 120 355 2383 2003 69 5429 184 356 1283 148 899 7461 1809 193 8 27 1734 2521 915 316 4810 63 243 229 2858 7832 389 28 107 9 65 3489 967 145 720 484 8156 7033 152 1312 135 62 2338 280 131 102 3543 211 301 7 3240 19 476 37 480 1114 187 57 1161 331 14 74 3082 594 1124 8787 9639 784 72 574 510 58 2810 646 61 2114 561 161 439 103 15 7866 812 2252 636 3692 1048 84 1925 132 140 429 240 112 746 5 1606 2453 273 44 2173 178 1732
16 4371 968 621 176 155 1583 468 120 355 252 2112 2744 199 184 148 356 2316 2274 121 8 290 3054 253 166 2857 27 999 371 63 243 139 28 4848 1762 5350 107 164 145 552 9225 3309 9 211 65 8660 382 992 1332 524 2983 659 331 1296 19 74 332 131 342 102 78 62 187 7 1704 57 37 443 1189 135 611 3471 2058 4429 14 117 707 496 15 1027 82 3011 1959 1985 2169 1313 6565 140 30 1000 7791 123 198 1207 1508 398 5 1590 103 3500 11 762 2268 119 35 288 231 538 1754
17 138 968 583 869 176 2700 468 8034 9927 3923 252 69 199 4813 4291 731 940 329 121 751 1584 655 8 6378 193 27 2905 1352 426 63 665 28 139 4343 164 609 815 2296 65 1638 9 8334 1093 1420 1429 145 637 102 249 5205 7 62 3977 19 2981 74 131 346 14 114 9470 72 37 4167 510 4443 158 2419 3306 135 1801 2187 561 1483 5227 78 3247 61 439 300 15 5558 1019 5586 1645 273 536 21 96 57 454 390 1298 44 5 2033 2288 2342 5278 4156 84 23 5218 11 615 210 147 2232
18 708 5381 554 138 583 176 120 355 1930 686 728 69 5789 184 1070 731 148 3398 1171 121 8 2651 27 290 253 1756 166 229 1826 609 979 63 1256 879 389 28 65 8334 878 3053 2523 595 632 9 2138 280 524 301 5634 62 4302 747 135 7 342 114 158 1222 2158 14 102 1457 37 187 78 325 19 346 439 1791 1161 6234 496 1546 8100 1292 1772 1019 74 910 6256 157 1401 881 408 204 749 3121 1251 647 57 803 123 6058 598 1001 615 175 21 2164 6756 750 103 365 6622 2416 5 96 390 231 4098
19 2264 1737 3106 6698 176 404 303 126 355 2208 1930 69 236 184 197 4978 148 4310 940 6379 121 624 681 8 27 5395 243 63 961 5910 285 1799 1395 309 1284 3142 879 28 6539 2214 9335 9 65 9053 4430 299 632 37 131 8183 9081 114 7 268 19 480 9768 659 72 3543 14 62 1119 5442 102 501 4106 599 764 1601 517 74 973 78 8691 300 778 2453 57 346 61 663 6684 1224 2150 15 614 2403 6021 871 21 388 8792 1275 746 146 88 5497 198 981 598 23 454 2171 35 587 9831 8429 3022 70
20 1290 968 138 176 155 3483 5514 120 8734 2616 482 69 1554 199 184 7347 1283 121 6379 655 1225 27 8 166 2444 1052 6651 139 999 243 63 9519 2858 907 107 7966 1745 28 595 2448 662 9 65 299 1638 7564 1420 935 62 37 102 1330 331 19 8543 6481 131 962 78 1768 14 843 74 135 7 325 784 8364 1791 487 5982 2604 1789 332 2298 5779 663 2374 636 117 1027 15 57 161 7530 1001 123 140 388 8947 2593 516 1611 5989 30 267 175 393 1244 1869 96 210 634 300 339 11 35 9749 9701 871
21 4247 3849 138 583 176 155 1384 120 126 4799 252 69 1554 199 184 236 914 356 148 3158 1510 1809 494 8 27 2612 915 63 1756 164 1667 1065 28 389 2175 8334 9 65 878 625 3563 280 3196 330 211 7223 1312 1575 249 1350 595 7 62 8360 632 102 72 19 2372 348 6403 37 841 4618 346 2376 5515 325 131 2709 3025 300 3082 7558 74 14 114 594 123 3251 161 496 9677 57 15 1272 157 61 7774 274 890 204 390 2978 175 21 5728 616 44 273 2025 1869 4094 5 112 515 82 23 310 146 1645
22 1290 708 138 2818 859 583 155 7293 404 468 303 977 120 355 1930 69 236 184 442 148 731 6035 4510 2198 8 751 193 6404 27 253 684 4520 63 229 224 139 2503 5110 164 782 28 389 6288 107 9 552 1194 585 268 65 1195 432 4863 211 145 2577 5565 330 102 37 72 2768 7144 3543 114 1896 7 135 3726 1575 8243 342 280 19 74 158 14 62 131 1428 57 78 881 501 1189 198 424 1098 7387 375 9669 1223 2450 2348 61 3302 117 58 3361 9715 15 663 3680 408 387 157 6449 3525 267 21 1244 123 82 2163 7798 523 147 2218 96 44 933
23 2060 138 1334 4171 155 2513 468 948 120 1122 252 6577 1881 909 184 4594 3410 410 121 193 1437 2487 8 27 316 166 426 650 164 5664 63 139 879 7918 65 1324 28 585 595 107 9 524 3676 1429 2282 1691 9888 152 9127 158 7 330 487 542 72 962 37 5404 62 8116 74 1540 4350 611 114 102 881 1457 19 131 2145 78 594 14 841 58 57 599 161 3066 572 4575 1000 3912 647 346 393 1351 663 8307 6422 96 857 44 1640 4195 7162 9167 310 2090 35 1778 396 949 38 61 84 240 207
24 2264 138 1173 1572 155 485 977 120 126 1434 1184 69 2170 184 236 679 197 940 121 8 193 290 2444 27 166 426 1524 1468 1793 1151 6628 139 63 3428 1065 2175 65 28 3447 309 9 595 299 1153 7373 382 280 62 102 2577 145 1294 612 7 1862 764 74 9947 37 78 211 135 2785 596 990 2088 480 131 19 8488 2374 158 2348 187 14 9669 3281 538 3302 451 15 1098 123 58 57 1454 599 3498 1900 1548 117 812 390 157 1117 147 4920 277 5 1112 44 1011 82 96 61 228 2812 84 2552 240 5355
25 138 5482 583 155 3483 468 120 1434 1184 252 9054 69 1200 4397 148 3139 3398 1610 8 494 27 6115 3880 6534 316 1524 139 4554 164 63 28 1667 309 65 9 896 3262 107 4225 268 595 342 280 2106 330 432 8243 37 1174 131 1222 8489 2768 301 74 7636 249 211 14 3319 4140 487 1350 102 443 1134 7 2420 78 62 19 114 594 4429 538 206 57 82 1307 408 1645 3162 1098 140 2770 4221 267 513 21 857 4100 240 84 1215 2000 4724 3479 146 147 5511 5874 7087 88 2582 132 769 409 15 2061
26 3975 138 5526 155 176 3248 2371 126 120 6369 252 9542 69 3470 199 914 5448 3475 549 6126 849 8 5895 4497 27 63 4807 426 1052 164 1667 139 309 6502 107 7069 9 28 2492 65 907 152 1420 330 72 1152 1330 3540 145 301 824 299 1332 6959 9710 747 3698 131 187 74 37 841 62 7 3642 114 19 1155 14 102 805 1223 1019 331 2844 496 117 78 2104 15 332 103 161 140 616 1436 6439 587 646 57 510 5954 84 2552 715 594 403 9562 387 5 206 310 949 370 289 7791 398 178 6297 513
27 2848 138 1495 1954 155 176 468 2889 120 5659 252 8761 69 909 184 197 4978 410 1412 849 329 27 8 1981 1476 5395 166 1395 1468 164 63 7753 28 139 107 815 389 65 4962 967 9 299 145 6460 1287 637 72 152 1674 37 131 135 158 7 1721 764 4643 395 78 2200 841 14 604 2180 62 703 187 19 3582 1757 249 206 476 1491 2837 646 3824 1117 1718 74 734 1702 82 2508 1921 57 2231 2975 161 1529 4610 429 21 277 343 30 523 84 647 390 5 746 3304 35 9811 117 3692 3858 377 58
28 5921 138 900 155 9894 709 126 120 9543 482 850 5091 1200 197 236 184 5603 3398 899 121 655 193 8 253 27 63 653 243 1065 224 164 2819 3428 8030 4157 9 28 1344 484 1369 432 815 152 65 2138 301 524 135 37 330 7 3677 7325 7672 612 764 332 487 928 5626 14 131 74 72 62 8654 114 19 572 1491 198 187 158 408 9557 300 78 117 1918 1223 15 2142 57 1000 857 1001 21 8241 4372 30 146 274 273 4133 812 1778 836 2787 7854 393 8549 881 267 2576 38 398 795 161 58 61
29 6604 968 1077 176 155 5990 977 126 120 482 252 69 8430 199 2291 1283 121 329 410 8 290 253 681 3424 27 166 4881 3953 309 63 4273 139 566 285 1521 2767 609 65 28 665 9 1344 1587 727 268 131 1721 158 1612 301 114 880 2359 249 1571 5667 524 4055 4104 62 990 2169 7 325 659 3315 37 346 19 2985 331 2726 3369 78 2126 74 14 206 451 57 8542 1004 175 726 204 1568 7279 84 881 3516 58 274 196 429 198 44 370 825 1665 1023 3773 70 82 778 15 55 7460 178 503 56
30 7624 138 1173 3870 176 404 303 4982 126 120 2841 6668 69 914 199 148 2116 121 372 329 1809 8 681 193 27 290 1826 224 63 1352 653 1667 164 3970 6502 7918 1447 28 9285 2735 2296 9 625 65 152 524 612 145 131 2325 2973 3502 432 114 19 62 4597 37 1522 2816 135 7 5667 6481 443 5484 8892 1303 2048 517 4104 58 3131 1428 14 158 3768 1904 78 57 715 74 157 4801 2733 825 843 6169 9246 196 1979 146 4473 739 187 1754 288 84 110 424 377 8875 1210 61 15 82 119 742 55 383
31 3097 138 583 621 797 1951 9933 126 120 482 2383 69 199 4397 184 356 1780 549 1171 6572 624 27 8 193 253 8719 915 4787 8707 63 224 139 1151 609 1343 285 985 1352 9 28 9146 8058 2196 4818 152 65 280 72 102 131 443 1330 135 1989 2325 37 7 3008 62 1159 3839 451 158 7759 331 114 1114 9848 5667 332 395 19 4035 6621 1593 843 14 78 74 325 1134 408 2649 3582 2560 1223 58 15 1528 187 1124 424 273 5599 890 157 57 9162 84 4837 3146 132 82 103 110 1530 204 140 21 88 96 231 5406 5
32 3849 968 3992 1315 900 155 176 2614 404 120 126 3071 8988 1604 69 199 197 3470 184 148 1780 3398 549 3999 4741 8 27 253 166 371 999 139 4061 957 2717 63 285 3853 28 164 1771 65 9 3489 5615 7559 967 1194 5124 131 382 6335 37 5565 301 62 5260 7 9351 5415 443 880 331 102 74 78 2684 14 72 8380 6753 501 19 114 158 1593 6174 346 57 646 4530 117 2298 2941 1272 2419 1307 206 513 204 267 58 9943 715 1629 4941 196 1078 1027 30 82 785 812 5 15 231 3596 459 235 511 289 3567 132 35
33 3097 968 900 1572 1384 3248 303 120 126 1917 1930 69 3600 5860 199 184 1365 4510 121 8 9896 193 3591 27 2444 2521 63 2612 243 1413 5465 4676 139 4172 164 28 3142 727 145 65 9 280 432 107 389 211 2425 102 4609 2196 8635 659 7 487 2849 880 1114 990 299 14 824 72 62 331 574 2845 114 37 4040 5255 187 19 1224 1627 1019 74 1601 1807 82 78 749 157 57 204 1528 2824 523 511 4724 1669 9207 58 2453 614 5264 267 598 147 61 631 634 3537 2971 377 385 983 5545 289 2020 44
34 1737 554 1482 1173 6656 4347 155 1679 126 120 69 4364 236 5621 356 197 442 410 148 121 8528 1809 27 193 8 3591 253 1756 1751 426 139 63 665 309 979 9 1204 28 2492 1324 268 2214 152 4525 65 1287 1575 145 342 5277 6265 1174 8183 37 495 2126 542 638 382 131 62 72 14 7 301 574 1221 7013 57 114 19 158 74 2417 5038 300 3131 8267 9608 594 6486 2915 123 206 117 204 4776 15 78 611 812 715 890 2649 58 2453 1232 96 3869 273 6166 519 390 88 1124 8048 4606 7220 5 1478 3034 3537 228
35 138 8450 2371 120 1917 1122 3923 482 686 1604 69 2148 184 1452 914 148 899 121 8 5895 27 4551 253 316 63 7709 1440 9713 1352 1395 566 28 164 665 9957 552 4765 1557 1506 107 9 7559 65 72 37 3215 131 114 7 158 1016 3839 19 638 6962 1721 3977 829 14 6059 301 57 62 4164 102 78 331 300 646 58 594 3011 3190 123 3332 61 4358 74 1959 15 5158 836 5221 140 388 96 7970 1494 8315 206 88 7718 103 3126 198 44 969 454 519 35 23 4710 11 1607 235 2032
36 2591 138 859 176 725 3497 120 126 482 4953 8751 2073 69 199 2659 197 3706 737 549 1365 624 8 681 27 1052 7081 4067 5754 309 1151 961 63 907 1638 6611 28 1005 152 967 4919 9 107 3447 342 585 3639 1168 542 102 158 301 114 1783 5329 249 3358 432 395 131 37 4605 72 7 596 2180 206 4662 2298 1989 3471 19 778 58 501 14 973 187 74 61 408 2810 647 78 1600 9521 1508 1528 198 1155 57 9246 1351 6946 393 2147 531 2163 717 1023 146 35 396 969 496 4984 88 3405 750 1877 1096
37 3097 968 583 869 176 155 2713 1089 126 120 728 2073 69 1452 148 679 5603 2248 121 737 8 6762 8703 2444 371 27 166 1524 63 566 3412 1343 164 1256 9346 5751 28 879 585 720 9 4558 152 389 65 330 776 8702 1222 3069 1350 114 7 1312 2430 19 4623 280 3543 8311 74 102 37 72 62 158 594 3222 198 1599 9975 2292 2688 4309 6523 14 206 1718 2941 2074 15 8044 2453 82 1921 57 375 61 78 140 117 616 715 1112 3036 1949 30 8515 614 6475 3119 44 803 4619 333 1467 1529 58 1665 365 1690 1078
38 3097 1958 7677 176 155 3457 2371 126 355 252 69 356 199 679 121 549 8 27 1131 1734 166 684 253 1321 8801 915 229 1065 63 2717 28 907 3299 9 3142 2385 145 3676 65 1106 432 1549 72 268 37 62 7 102 659 1862 299 3631 5329 1937 4018 74 8643 3205 346 2431 78 57 1303 3493 1541 19 2417 249 14 703 6166 3332 451 61 1772 735 715 15 161 8948 339 5472 21 30 7486 8342 110 611 96 5 949 146 175 58 1779 1041 2360 198 459 9906 3323 1665 1135 20 84 707
39 1671 138 583 3389 797 7548 468 7104 2889 1597 2383 7048 69 3182 184 199 148 5391 9611 5895 193 5546 8 27 9194 139 1395 63 2825 1520 4028 164 566 1667 229 309 9 8316 2229 28 1324 879 7108 1369 107 2196 299 5705 152 102 37 1929 1674 1222 7 62 19 6962 1174 74 2088 764 1296 4388 2688 4089 3493 346 57 3194 158 301 187 1599 726 14 1098 3045 646 300 778 114 1313 393 161 267 1723 1112 439 2143 2150 339 1854 21 273 82 836 1967 30 890 58 1298 15 146 84 777 88 3983 61 4156 9208 103
40 7055 554 3198 6698 797 1583 1790 120 355 2208 3172 69 1591 3441 914 148 442 329 121 8 1632 290 681 253 27 1321 5973 243 961 957 650 316 63 665 907 9 28 164 1256 6362 107 632 65 552 432 342 972 4805 5409 2047 1332 249 524 612 880 992 829 37 72 1222 4314 7 1697 62 451 2240 3315 102 158 439 19 3052 14 300 2150 1223 3131 1772 5522 325 513 749 375 78 204 57 1884 1292 511 267 8733 538 3135 1673 8546 715 88 82 61 84 3462 9786 132 1027 3195 1792 210 647 1556 11 157 15
41 2153 554 900 4142 2076 155 3248 120 126 5659 69 1876 199 197 442 148 184 121 549 2504 329 8 27 1408 4728 166 371 63 224 9039 164 229 28 7878 2265 65 389 2735 2140 145 268 9 625 4962 2258 382 107 4308 211 342 637 2533 330 62 7 1575 19 135 1571 37 72 476 78 2721 158 2726 487 14 784 611 6513 3564 4040 5133 2270 510 9382 1933 58 82 61 3346 1718 910 74 1723 157 2142 749 388 57 140 511 277 103 1602 3351 1562 387 146 9218 21 1001 393 110 44 35 614 30 112 1103 117
42 1263 138 1495 7360 3585 176 4977 126 1917 482 1184 252 4288 69 1387 356 914 121 2504 372 3286 8 4537 27 166 243 224 1052 63 8853 8992 164 650 229 6718 28 1771 3270 65 2168 9 1284 1194 800 145 484 432 4736 1287 4186 4403 131 280 62 72 37 1429 7 480 5772 135 249 348 57 331 19 114 332 14 78 4408 7307 451 74 424 1019 8929 346 4277 123 3686 3232 2837 777 58 5840 117 300 6852 439 61 161 4429 15 157 1001 5912 44 82 707 4379 96 8931 616 23 2862 739 339 3346 30 619 825 119 1718
43 2060 968 5985 1572 1384 5554 2889 126 3923 686 252 69 236 184 679 5603 2316 7862 6379 6126 27 1408 8 193 1756 426 1751 139 63 609 1513 665 782 65 9 164 28 1204 2579 2296 800 3166 5124 1106 382 72 152 1571 7559 158 299 2313 62 1339 74 332 596 78 14 2063 37 131 57 7 990 6735 8184 19 114 3532 9271 187 300 2480 58 4040 348 7986 1428 82 5390 1274 803 1215 3038 1232 325 2895 2869 971 4726 9017 3981 1019 206 3647 1640 5 1568 117 377 23 1732 70 619 1360 15 1137 7337 2029
44 708 138 583 4023 9824 2713 120 126 1122 686 69 4301 236 1591 184 679 148 8541 2707 4817 1270 27 8 4551 4226 63 7211 650 309 139 285 7086 229 389 907 7959 9 28 65 2196 727 107 145 72 211 5804 301 2293 2747 152 542 102 299 1878 331 4336 62 524 37 78 2983 7 187 1783 789 3369 604 19 3025 501 703 158 14 4938 114 805 7774 7379 6291 5522 375 74 5840 3913 4221 57 2450 1027 823 30 274 510 3066 1117 836 140 1017 61 1307 206 647 5686 7279 147 4565 370 15 532 646 750 1135 7224
45 1310 138 1958 176 155 5150 5862 126 120 2616 850 1881 69 184 236 199 197 121 737 329 1510 1981 8 7401 27 290 253 224 63 309 164 665 28 1065 2162 552 9 9335 727 7708 720 1031 389 65 107 299 1152 542 135 382 114 62 158 131 7373 7147 280 2740 72 1750 37 5068 7 9382 1627 332 102 2079 501 19 3863 325 74 14 57 726 3752 78 117 2048 1772 2275 6376 15 5270 1000 2114 857 971 3598 240 21 3038 531 310 459 516 196 636 4372 1232 58 1154 333 455 70 1949 587 7791 403
46 1502 2818 138 968 155 873 485 120 355 2208 5974 482 69 199 679 197 2291 148 410 549 121 8 27 3264 166 915 8706 1524 243 5209 1183 63 665 4115 309 164 5402 28 896 9731 6366 9 107 1972 389 4814 9285 65 152 145 280 5460 330 1587 72 637 1674 4686 211 1294 1242 249 7 62 764 382 5374 1332 19 37 158 131 1704 3395 2126 14 2431 1303 348 8929 78 6654 4704 7037 4167 2684 74 1697 476 57 325 187 4755 1673 1546 1627 58 2142 3863 646 890 15 777 204 1805 2837 140 1386 2114 1098 103 4842 110 277 21 2593 146 6181 1450 746 30
47 1495 138 867 5990 485 404 303 4977 126 482 5182 69 199 1452 2177 2291 148 121 193 995 751 1437 8 27 4881 166 2612 224 63 4063 985 28 139 1521 164 107 1689 9 7742 65 1204 2196 662 8933 9732 382 5312 102 1327 992 158 776 4806 880 443 280 480 19 37 62 348 7 72 346 962 57 1836 8015 131 135 395 451 114 14 2785 1401 78 2985 735 61 58 1001 805 2824 332 536 339 74 140 929 1244 1985 1967 206 7434 123 778 387 2571 614 4917 517 715 198 519 175 459 15 300 8607 830 245 55
48 4247 3684 138 2955 155 1384 404 468 120 1930 252 2148 236 184 199 356 148 410 5843 1643 751 8 27 4497 684 224 2905 2825 309 285 63 1395 164 4696 1344 4157 28 2185 552 9 2359 65 389 632 1093 878 524 37 342 2325 249 2158 72 211 131 542 1159 301 74 114 2740 1593 14 7 7569 451 62 102 476 703 19 198 1601 8184 1274 3708 496 6024 82 3692 749 117 545 2920 103 58 78 388 2901 2450 3561 96 1078 598 30 57 110 147 3825 1023 594 1251 403 398 3242 84 7993 35 6227 3426 15
49 1671 1482 6656 176 2513 3831 977 120 919 850 2112 69 4342 356 1452 121 549 7537 671 8 6018 166 1408 27 243 1468 63 224 164 139 1151 309 3299 907 107 9 28 145 152 1972 65 720 2492 7042 5253 443 1294 102 9548 37 211 4276 72 659 158 74 6644 476 62 1757 346 7 5876 829 572 131 135 19 599 348 2420 14 1221 2654 1155 594 6169 375 78 300 57 187 204 82 2020 825 140 1877 496 2864 1298 439 1227 231 486 310 715 1186 1078 61 2367 370 58 7337 38 117 519 587 15 2873
50 3244 968 2780 900 155 2513 5862 303 120 919 728 69 199 184 5295 148 4310 121 372 1225 751 27 8 166 371 2612 139 653 4273 1065 63 28 2229 9467 9 552 65 2196 4864 585 625 632 9649 1369 382 211 62 102 4863 158 152 145 5442 487 5268 395 1332 2292 5210 1221 37 57 8643 7 6607 1651 19 5084 1483 2298 476 2063 663 9205 58 331 14 74 78 117 513 2698 15 735 1446 2941 734 3222 103 2787 587 175 21 132 3796 2147 240 157 140 8123 61 4995 8864 5 1020 370 84 534 5601
51 2818 9365 138 725 5501 155 3046 977 468 5659 3923 4946 2826 2148 1387 197 5603 121 329 1225 8 27 3722 371 63 426 2613 7211 1826 6877 28 1343 5031 665 9 1745 727 268 3826 299 280 72 1159 1242 102 2425 4433 1989 7 9610 9127 37 1692 2500 78 1339 19 74 14 2420 9361 187 487 3708 611 1491 198 510 1224 1599 3824 2642 7694 58 6361 910 117 749 4606 439 61 4532 15 82 3586 8986 1001 1921 2249 21 2008 157 9234 1602 616 30 146 393 196 1417 966 288 5534 5 739 519 1568
52 3849 6402 5851 485 303 120 126 355 1714 850 2112 4869 3182 1070 5936 410 6228 6744 8 27 193 253 1270 7869 1476 224 8955 1395 229 63 139 28 389 782 9 1132 2523 6539 145 1153 595 65 211 72 2577 5848 37 135 4421 7 9081 268 880 19 5069 280 62 3319 2983 901 4089 4589 2721 4834 131 1651 2292 1401 114 1933 78 331 74 61 117 14 198 2164 5175 175 339 476 1904 501 187 1307 57 2082 536 365 587 1023 5555 146 4844 58 5 742 1417 2029 1078 1853 1096 38 2044 805 207 56
53 138 3102 6337 4023 873 404 120 126 3514 919 1876 69 909 3441 5860 184 121 9551 1510 8 1270 6092 1408 27 243 927 166 6051 1183 8309 63 309 6845 2976 879 2261 28 152 8660 4525 9 524 65 3215 4478 107 342 211 2538 145 7 135 4865 72 37 1296 1878 78 3667 62 5850 114 301 1704 2768 325 131 2430 2205 1836 19 1546 74 14 1128 117 778 161 890 6467 2592 393 2114 517 6029 57 21 5853 2859 30 146 110 516 58 277 5038 61 5 9359 1988 3624 38 2094 634 15 933 210 20
54 708 1495 138 869 176 404 468 120 126 1766 69 6668 3199 197 199 8219 2316 3379 121 8 193 290 166 1734 7110 27 6178 1052 243 63 985 957 229 309 139 566 28 1506 1638 1005 3635 9 65 3676 107 1834 8911 1522 145 62 4336 5415 158 72 1159 659 2134 135 114 78 19 928 14 37 131 992 7 2709 495 480 1472 4265 1613 2697 517 8834 424 206 663 332 451 57 117 82 74 15 778 3281 823 4320 561 735 9840 647 429 2666 30 3498 273 61 3066 84 1606 9322 288 267 6068 884 949 58 3624 486 717
55 3244 1502 1737 6887 1263 1495 3774 867 554 138 900 3477 176 155 725 797 485 7293 404 1089 468 303 126 1434 8094 8147 1184 252 9765 2112 69 4148 199 1070 6809 5603 356 731 410 1283 121 4650 737 8 1270 193 1225 2651 681 27 166 1408 253 684 316 915 63 6478 4507 650 229 6616 139 1151 957 7173 5664 1065 164 1667 2448 28 6877 5285 65 1894 9 107 7018 145 662 967 1194 8099 152 3008 4052 484 330 211 268 72 2577 342 443 1587 637 1691 747 2313 37 1242 131 5164 102 1312 7 542 880 19 348 158 2047 14 78 187 114 57 764 62 1428 789 572 4350 7707 604 1599 1223 703 3369 2145 117 206 375 5055 58 300 5352 2697 3397 2692 594 1789 15 5559 2249 74 1137 496 204 61 2449 1904 82
56 1502 138 1334 869 485 8402 3057 120 1597 9915 728 69 1591 199 2659 184 121 2943 6379 329 681 655 8 27 63 316 1476 224 650 426 243 6097 2858 2385 1151 1284 28 4514 720 309 9 65 280 432 342 72 8702 5598 37 443 7 7691 2431 880 3631 1457 249 7499 1697 14 6188 62 5634 3131 3014 2500 325 19 574 1791 1613 58 6005 2726 74 4040 7491 375 78 5225 57 4859 388 3006 1723 825 112 157 4452 5472 5566 3796 30 132 44 96 587 2960 1298 1690 789 4672 23 1629 2378 680 966 15 183
57 9517 138 3767 797 1384 4656 3831 120 126 3807 252 1387 69 2653 236 410 731 940 121 8 624 6092 3054 27 253 290 166 316 63 164 139 28 309 727 2976 2385 9957 5011 484 9 65 2359 107 145 3266 2683 3884 135 2134 152 7 268 1168 7672 2240 4618 7827 14 382 62 37 102 131 3062 4035 19 1303 2100 778 8672 561 331 158 4365 117 8272 5580 82 74 4044 476 375 1497 161 57 339 21 513 523 110 187 196 206 2147 3135 147 5 84 96 146 11 4455 762 58 5724 321 38 1262 1442
58 708 138 968 869 9886 404 468 126 120 355 252 69 4390 5860 909 184 549 121 671 329 681 2823 8 7594 27 2857 139 63 426 1065 1413 309 285 5031 65 609 164 28 107 1132 9 4317 5838 878 1093 662 1287 145 280 268 342 114 2325 62 72 4329 158 78 7 102 1914 1330 1540 57 348 131 37 19 6631 1221 9512 1423 1757 451 187 300 880 74 14 928 117 1307 325 175 1791 5432 15 7123 206 561 4859 9837 785 4653 375 8076 88 123 459 161 35 1534 2873 61 1187 11 4572 716 2163 274 520 7384
59 554 6138 621 725 873 977 126 8139 252 914 5333 121 1412 671 8 494 6238 27 1385 253 684 426 139 243 5643 28 5350 979 65 9 585 1972 1745 878 152 1429 72 6882 6335 37 542 382 7 114 19 6134 8138 78 14 2187 2430 1119 1134 57 881 726 58 2956 325 8226 117 2866 2692 646 82 857 61 123 103 204 2736 910 2104 15 545 1098 2231 6963 21 1805 536 769 343 871 746 5 1187 762 274 231 1011 35 933 70 11 1480 523 23
60 708 138 583 797 9559 404 126 120 355 948 69 2170 4390 199 442 148 410 121 5721 1412 1388 8 253 27 371 1524 229 243 63 2526 653 1799 4413 782 107 28 3455 65 268 9 552 389 4609 524 5349 1093 152 37 4021 5442 7 1095 331 131 19 6848 72 1878 395 451 2169 62 3527 114 158 102 1161 574 1128 325 5982 3714 198 14 1807 9128 1723 1292 78 15 74 735 707 538 636 4372 21 58 132 5269 615 84 3235 1988 57 110 1912 2480 267 61 424 4742 11 103 825 2910 310 660 321 123
61 1737 138 1077 9305 155 2700 120 126 1434 355 69 2705 1591 236 197 1283 148 4510 121 671 193 8 166 1734 27 63 6616 650 927 7837 566 653 1343 1799 1132 5751 5631 28 152 65 8591 9 107 1506 6180 1294 4525 72 4099 935 145 480 495 19 829 1989 331 37 612 2158 574 62 5591 131 7 348 114 7176 1933 102 2688 300 14 58 74 611 2141 78 496 57 545 103 4175 1494 61 123 240 476 2298 884 1137 365 3022 44 1877 1558 231 1017 88 8168 444 429 35 532 2190 9897 424 146 8713 45
62 1263 138 1958 4841 155 9502 120 126 1122 919 69 1881 236 1591 7727 442 148 1283 549 5668 849 8 166 27 2521 2872 63 1183 164 3428 309 28 3363 4413 3270 9 1132 907 4225 107 484 65 5887 727 1153 432 382 7375 5773 1429 7 8739 632 348 249 443 9755 4089 3052 5876 2500 114 62 2849 37 57 2563 102 19 476 703 1599 3443 14 158 3232 74 58 2642 1117 2150 82 5432 61 4606 3346 1223 789 5284 5158 1187 1000 2453 587 1702 454 112 1777 44 147 103 21 5 9009 1023 710 23 15 56 436
63 3097 1495 138 583 7892 859 8897 155 176 977 468 1714 69 2112 2148 4813 2291 5313 356 148 3398 7461 372 849 8 4281 3054 27 1385 8200 6730 1524 316 243 1183 1395 63 8309 3991 164 1520 28 1894 1638 9 107 815 2579 65 7121 7218 585 432 5451 7559 145 280 3759 2214 268 1031 7809 72 5579 135 1571 1429 342 1174 131 7 824 102 37 4636 19 3205 1332 62 74 14 2126 1783 843 3025 57 829 451 187 476 784 198 439 574 58 117 206 9616 1640 82 8178 15 375 9990 971 1349 3100 513 157 204 61 4909 762 44 5041 56 449 5559 1364 255 321
64 1671 138 621 797 873 709 126 120 355 1930 252 69 2930 7518 679 2433 8454 2238 671 8 494 290 193 27 4881 653 229 63 371 3520 139 957 164 6767 1745 1771 28 5582 107 5451 9 7908 5253 65 342 211 145 524 662 2282 37 1420 2126 72 114 3032 332 7 74 1541 1296 62 102 4276 158 57 1110 19 829 14 4388 5055 1134 6672 2642 1292 2697 1274 2918 3768 78 157 15 1606 2941 187 1562 204 5355 277 823 30 375 1258 310 9199 58 587 1078 8005 2958 6536 538 5585 3862 3741 5707 238 56 3260
65 3244 5482 138 176 155 1679 468 120 1597 482 1604 69 4148 199 6222 679 121 329 2707 8 372 9572 166 1385 27 63 253 3378 139 285 224 979 28 1395 164 5708 9 552 2296 5720 4403 107 65 9592 1195 662 280 211 301 1429 152 3677 824 299 443 19 1571 542 72 3976 131 158 62 102 37 346 7 74 114 901 3052 1004 300 14 517 58 2348 1692 123 117 57 157 15 82 78 4819 1732 9831 6376 545 6756 7155 6691 21 734 1001 112 626 132 196 2525 5 273 969 634 110 44 396 735 455 749
66 138 3477 3767 155 4347 485 404 120 1564 7674 252 5091 69 184 356 549 2274 1365 1171 8 1610 1437 681 27 166 5973 63 8955 4061 316 229 224 5643 1812 28 1727 815 9 1369 662 65 4103 1093 2140 2139 4403 342 7325 8012 2138 1376 4744 301 211 62 135 7 443 102 37 19 1550 78 747 2538 2809 57 114 4775 1114 72 14 5845 300 2785 74 1673 2443 3768 375 3011 2374 561 734 646 424 198 5998 117 161 636 4804 204 1807 58 408 812 2610 267 857 803 4872 103 61 84 112 21 123 1048 1985 1562 15 795 2585
67 5921 968 583 4768 176 2700 7007 977 120 355 7234 69 4148 5313 356 184 3621 8528 121 8 372 27 166 193 1052 316 139 229 7173 2503 63 7868 896 3853 28 9 65 107 5480 1667 152 2136 4814 145 1153 211 662 4430 382 5443 1896 800 158 4021 880 3631 637 114 2785 37 14 102 7 6837 72 62 1783 1221 135 19 131 78 74 5699 2079 513 61 58 6112 1272 57 206 15 2960 1884 7798 140 387 1386 96 1137 1124 1450 8438 517 515 6259 339 1227 110 5472 3486 9485 1497 545 949 6046 5 9521 82 228 117
68 554 5526 6459 725 155 1888 7712 126 120 1714 69 4266 236 356 2216 184 410 121 1412 1610 27 8 166 371 7584 243 63 309 224 1352 1799 229 1894 107 9 65 1506 8938 28 625 3759 268 342 330 8911 62 37 102 249 595 7 5415 72 3395 2973 1428 841 14 131 332 57 135 612 1113 1697 424 19 206 1401 114 2967 7774 3032 2837 74 61 7390 117 513 1274 78 4125 8365 8267 15 112 2427 274 8241 175 1436 58 140 1921 2218 5 3293 7303 240 1900 9118 9360 6747 343 2166 228 23 750
69 6165 1334 8271 155 2120 2371 126 2616 6986 69 6290 2744 199 2177 148 410 2238 121 329 751 8270 8 27 6452 166 63 426 224 566 243 139 3204 782 229 309 2741 28 9665 1005 552 9 107 145 65 211 2085 1522 484 542 7 3215 249 72 62 19 824 37 1593 4834 187 4436 2158 102 501 14 135 1119 3369 6753 158 784 117 2919 58 74 57 973 572 1661 15 1224 388 884 9010 1446 61 778 5605 2869 3561 971 88 1732 3392 7816 161 3242 387 277 44 390 1112 7444 762 84 1961 82 1628 112
70 3244 138 6304 859 155 5150 4178 120 3514 1604 7850 69 3613 184 2291 442 121 4925 372 8 9572 27 166 1756 253 139 224 316 609 2717 63 229 1667 65 9 2741 28 268 4962 152 107 1106 4864 2973 330 1312 524 9030 62 299 158 145 249 3024 114 659 78 14 187 3319 501 37 7 1757 135 19 2562 102 510 206 6234 6381 5801 1491 332 57 123 74 1789 15 82 715 1078 103 7876 4606 6021 1137 1001 240 30 3251 5998 274 516 1112 836 5 626 7989 5641 44 403 9529 58 35 38 2730
71 2591 138 6656 155 2513 2700 120 126 355 252 69 1387 236 442 148 356 329 4289 751 655 27 8 4881 290 243 63 139 7086 1151 609 979 229 164 5033 1506 6539 28 268 65 9 3563 330 2212 72 131 37 62 1522 249 145 480 962 331 19 2684 211 4131 451 74 4106 1599 1697 7 7600 1155 3082 5850 114 881 3141 102 3564 1401 510 2348 496 14 7269 61 1483 15 501 715 57 78 2000 636 84 2726 387 4632 1645 8438 5447 231 1607 777 228 6795 3692 2033 4581 7167 3229 4370 11 198 70
72 968 900 1077 155 1384 404 303 1434 126 252 69 1387 199 197 236 679 2433 737 121 494 193 8 681 290 27 653 229 650 243 63 1065 28 65 9 1799 2261 665 7291 107 1132 3759 152 625 3549 6087 7375 3358 5727 114 1721 3839 135 19 495 72 62 102 37 962 7 131 5404 2063 1750 5850 2240 5845 9613 6655 476 74 14 5038 1483 7226 187 2775 1119 15 78 749 1001 1967 57 501 1313 1244 84 8168 785 206 9275 6431 929 2859 717 7336 710 61 231 11 9868 1300 9206 103 82 805 515 966 7589
73 3774 3110 1077 2076 485 468 303 120 1122 3818 252 69 5621 184 5450 731 8454 899 121 8 27 684 166 2857 6057 371 243 5209 63 609 1256 28 2741 65 164 309 1132 268 3826 9 7218 1195 1106 524 8156 484 776 4805 5443 4923 7 1294 348 19 72 74 2703 2240 1114 14 62 3708 596 102 37 131 158 1472 443 1128 4388 6518 6361 325 424 114 4320 7530 161 57 103 6045 4524 1307 1494 1562 1386 476 110 267 1611 604 6589 703 5627 393 2171 132 3506 333 646 23 206 7732 70 5136 1277 9884 3357 15
74 708 1954 5661 176 725 404 468 120 948 686 252 69 184 199 148 2116 121 737 1610 995 4820 8 7594 494 27 2685 5973 63 1395 653 665 224 9716 8030 5011 164 28 3931 65 9 595 107 152 3884 3759 2547 342 443 2313 158 299 211 72 19 2538 962 5434 37 131 301 74 62 332 7 843 2816 1113 2950 331 659 325 6050 901 14 594 4801 778 2006 4837 57 1048 6005 4429 393 78 2020 7972 2666 1272 1733 132 112 1000 2033 2627 3119 3624 785 1019 1398 4100 4672 4920 1562 8520 58 11 8491 387 5385 15
75 138 583 155 176 404 4178 126 120 8734 482 252 69 199 356 679 148 6930 1171 737 1225 8 494 4820 27 166 371 316 63 7454 139 961 3853 2448 65 28 1506 1771 9 389 6515 800 625 4725 107 3676 632 7042 495 3407 2085 8933 1612 330 6575 62 487 72 2981 4834 102 542 4089 37 131 7 1768 6543 3141 1296 501 19 249 14 198 439 451 74 332 9634 82 3247 901 57 78 616 5055 2610 9434 857 58 735 2787 1925 277 5406 3195 8373 516 3878 204 1169 929 7993 157 1808 15 117 9485 1665 1883 532 5954
76 2060 867 3992 6402 900 869 155 8095 2700 126 2208 355 728 4364 69 236 3182 199 184 197 148 121 549 2504 372 8 1388 27 681 3279 166 371 63 3408 3060 164 999 285 28 6288 389 2168 1344 107 9 552 145 152 484 65 8635 542 3069 1429 8245 495 114 62 7 72 659 301 37 19 9421 131 332 14 2431 1540 102 325 7264 78 1836 3780 74 1704 3222 517 6392 57 4221 198 61 2844 103 2275 2048 511 157 117 15 1215 4653 2708 112 2759 123 21 598 1528 30 9317 140 146 4878 274 277 5 44 267 88 2716 563
77 554 155 4347 1888 404 1122 69 236 199 6163 197 184 356 148 899 372 5286 8 3591 27 1734 3160 426 243 653 229 1395 8466 63 5350 28 896 5582 9 1638 65 1005 720 5848 299 2258 1549 330 3884 62 102 4430 776 135 4959 114 331 495 78 1593 7636 37 487 501 6745 7 19 604 1943 1114 249 1221 1599 6188 599 14 3045 5463 3981 6024 57 161 2348 123 3281 2378 647 8733 273 21 204 1300 1251 5432 1258 58 3293 8332 4098 6961 3603 1078 84 11 1298 183 44 403 1467 207 289
78 2818 138 5276 797 176 2371 120 126 355 252 5336 69 236 1591 148 356 549 121 8 624 1270 4994 27 1524 1476 7658 139 371 285 1183 63 4063 1667 2175 9 28 145 2282 878 632 1194 65 6180 1840 72 8802 62 211 4514 2768 3904 3416 7307 19 2293 1862 135 78 37 8015 102 638 7 1601 4336 131 476 789 158 4277 805 74 58 14 2810 1600 1702 4849 1613 707 117 57 82 339 408 103 6001 424 803 1581 5558 21 3335 300 110 146 647 2044 274 5707 88 35 2451 11 1890 387 1088 2585 5003
79 138 968 583 725 485 303 8978 126 4613 850 9657 5429 199 5313 2757 356 410 121 329 8 372 27 4281 4537 371 7584 139 9086 8262 63 224 28 2503 1557 1513 957 65 152 907 145 9 107 595 6087 1896 72 62 131 8802 268 102 2533 443 135 19 4618 1757 596 487 2088 37 74 841 7 3137 57 206 476 187 538 424 594 2023 14 114 58 78 5175 1483 3526 300 15 267 545 4122 408 117 21 240 749 1847 277 2377 110 1431 44 5 146 61 971 23 1300 1020 238 436 178 3983 943
80 708 968 3106 900 155 404 303 120 126 252 69 236 197 184 7389 442 3706 121 1171 655 8 1584 5546 27 1321 316 371 229 63 653 139 28 1799 1256 2741 2136 389 145 65 9 1090 107 330 585 299 211 1153 1174 131 1549 7546 443 1159 1312 3540 72 451 1911 19 1350 37 6652 102 7 62 574 611 114 395 928 14 74 703 2985 1541 7013 57 2249 15 206 6234 805 2956 1669 3397 82 5029 778 1386 1313 21 6486 140 175 1004 58 4990 112 3089 7575 4950 515 117 9794 1012 228 388 6483 2708 9183 103 2427
81 9584 138 869 155 1384 3046 120 126 8094 1564 4364 69 909 3441 356 197 121 329 8728 1412 4281 8 193 27 316 7081 8993 9039 1183 63 8492 28 782 164 9 727 65 9957 268 662 1106 2138 632 107 1707 131 6951 37 145 7 776 659 5516 152 3631 432 62 6971 4106 596 102 342 72 135 78 19 206 301 611 2088 594 7734 114 375 14 7320 451 1114 57 74 715 3397 6842 267 1528 140 2442 7481 476 240 58 277 1307 147 44 9208 5 3251 1017 146 2217 4920 513 119 6120 178 1753 15 92 1581
82 138 6769 621 176 404 468 126 120 1917 5091 9542 69 184 356 914 679 1171 2433 3211 6082 27 8 426 243 166 253 2905 63 139 229 609 1236 5708 107 28 389 2871 2282 1256 145 9 3964 65 72 9294 4609 131 102 62 7 158 348 395 5773 135 451 14 843 3471 764 841 2922 1221 114 510 476 19 37 2145 572 4167 2967 784 599 78 5840 2649 1601 74 1300 6117 57 1224 140 574 1232 777 339 536 1478 1227 7433 58 5951 112 5882 1547 146 23 70 1847 390 978 15 1218 11 2173 3490
83 554 1482 859 155 485 404 126 120 482 850 7234 69 199 197 442 2433 6979 329 121 8 27 253 1850 4022 1524 63 316 2825 4807 4507 139 979 782 389 9 28 1090 907 4225 1736 65 145 152 4188 1376 484 301 280 637 5443 72 7 1862 19 131 37 612 62 342 1350 14 135 395 78 542 1004 4704 561 3443 843 4104 8839 58 198 1651 61 2759 1027 74 424 8343 57 707 6565 4804 4819 871 21 1702 3586 206 619 343 82 96 44 30 110 4094 5627 228 267 1275 147 5264 15 11 161 210
84 138 6049 900 621 176 9047 155 468 120 482 252 6577 69 4291 914 184 442 197 410 121 4432 4210 1131 8 27 3424 915 1826 63 224 1524 1793 139 5031 1236 9 28 1447 2871 7959 145 107 595 65 878 1707 7042 280 382 1327 37 72 495 5268 7 542 249 3395 102 158 480 131 135 1541 78 9469 1725 62 1339 14 841 599 2417 114 19 5667 3752 5133 3268 7270 3768 117 1223 4358 513 74 15 408 57 339 1275 647 30 21 6166 132 1891 9356 1244 3561 1258 7341 112 84 198 511 58 123 5908 613 3143 2246 157 2896
85 138 7984 4102 176 468 120 355 3071 1604 252 69 1554 236 199 679 3410 121 148 3158 193 681 8 4281 27 1052 166 371 139 164 1352 6718 63 28 389 6787 1344 1506 9 7557 1447 65 145 432 800 211 152 3549 2533 4421 114 8360 37 4703 158 301 1095 332 74 2922 2950 62 14 7 501 3890 102 1155 19 2604 131 2017 300 611 58 8860 5225 636 823 513 4372 3569 157 726 82 123 5605 3332 57 3598 6926 429 1041 88 1398 267 198 231 614 587 4819 5576 6501 161 1562 15 762 4565 390 55
86 708 3110 1334 155 3483 3046 303 126 120 482 252 7234 69 2478 199 197 549 121 372 8 193 329 995 1734 27 166 63 139 7086 229 653 609 28 3206 65 9 3563 3455 2492 4962 662 145 107 5773 152 299 637 131 1376 747 6087 7 1153 211 348 72 19 102 37 14 62 1550 4118 249 74 57 114 8225 611 7387 158 1428 4518 4400 1114 1128 2079 198 3863 496 5225 8044 157 3109 3119 2163 175 1529 726 267 598 30 103 96 9329 3741 231 117 803 739 769 5160 11 424 333 58 35 3235 15 1959 61
87 138 3110 869 2076 709 1583 1656 1434 5974 1714 6577 69 909 197 199 442 121 2045 1388 329 995 166 8 27 426 224 139 371 63 1352 4273 609 1727 4985 1324 28 552 2296 1005 9 625 107 65 4609 152 7408 62 3069 632 3677 7 268 935 331 1222 145 1692 1287 476 78 1541 37 4040 703 2500 5463 19 114 131 611 301 663 102 332 14 599 61 74 2692 187 15 339 836 1048 598 1137 1847 57 388 717 789 5304 2288 1611 538 5 1187 96 424 4109 983 370 742 2428 2378 503 30 11 1869 84
88 554 7117 2899 155 1384 303 126 120 4500 9054 69 4266 3600 1452 2316 4090 3158 549 329 655 5546 8 27 371 166 63 1052 316 1395 1183 6266 28 139 3299 9 107 145 1447 907 595 152 211 330 65 2212 72 1571 102 382 158 3977 1896 331 8381 480 6160 3194 1189 135 131 972 78 2322 1704 7 510 37 19 424 198 7707 114 14 117 2074 1401 2736 187 15 3879 161 646 74 777 9358 5905 57 140 273 21 8461 3022 2246 9299 339 1494 1112 511 5 7671 58 459 2552 147 8549 1137 449 238 157
89 867 1954 9514 155 2120 303 120 1434 355 1122 69 6668 199 197 2177 184 121 329 6082 624 1809 27 8 1756 2244 63 8992 164 309 665 4115 782 5350 139 9 7354 28 107 65 484 268 625 2019 72 2492 280 330 8558 2425 37 7 211 3416 3024 19 495 1152 480 135 102 331 7777 4309 901 2639 1601 604 62 114 726 3082 78 2480 636 14 74 1292 5225 61 2374 2941 8790 161 57 273 112 836 96 30 6279 206 58 140 532 500 1779 739 5 1307 511 110 183 536 267 2288 123 335 15 44 1041
90 138 554 4171 155 1384 8402 468 120 1184 686 4364 69 184 2291 199 148 121 329 8 372 1809 290 1476 27 684 4497 229 63 3412 139 4829 28 1256 285 4225 65 727 720 907 145 9 280 432 3008 4329 62 131 135 2683 9030 7 330 487 638 2849 19 395 4803 4605 1303 72 37 102 57 249 331 9347 4880 561 3222 206 7492 424 78 14 74 4014 58 2100 157 8355 300 4801 715 1779 3423 510 1967 929 61 21 2378 4479 4235 890 8673 1847 1104 4672 196 805 117 660 4100 274 536 1169 1678 15 409
91 3684 859 869 176 2371 120 126 5659 919 69 4148 199 184 1070 148 410 2238 8 193 329 253 655 27 426 139 2685 229 8992 63 28 2741 389 1762 9 2168 2492 2304 4962 152 65 1287 2871 72 2138 1016 135 585 145 114 612 7 280 880 211 19 102 37 78 131 2212 7147 1119 501 901 2972 62 6005 663 14 439 1134 7315 74 61 395 1629 57 82 15 408 103 267 1155 647 112 8714 6045 30 598 4081 739 206 198 58 511 983 196 5 5337 455 210 1925 3567 1494 88 634 183 1187
92 138 5661 6698 176 155 709 120 1122 126 252 69 1387 4291 236 442 731 3158 671 329 624 27 8 3160 4226 316 1468 2825 224 63 9593 164 28 879 3053 815 107 4919 907 5778 9 299 7559 65 6831 1320 3652 37 145 7 595 7777 612 19 2372 330 928 249 62 4589 74 131 604 1627 57 880 2298 4740 135 1673 517 1599 14 789 538 1537 973 1669 496 2978 1027 1450 803 545 4724 388 1161 2334 21 5296 1272 1275 2143 3561 132 7447 9199 8947 5951 3704 58 3345 497 3858 15 38 11 1602 73
93 5381 5526 4171 797 485 977 126 948 482 252 7048 69 3600 199 184 410 549 1412 372 751 193 8 494 27 8152 915 3284 1395 4688 139 957 63 3718 2185 1506 164 585 28 1638 6767 9 65 632 2890 280 145 131 4568 9351 2019 595 7 1862 4219 72 2809 8465 501 37 3025 102 135 325 249 187 62 3115 4040 19 7315 158 1801 513 114 14 1098 1702 161 74 1967 57 2205 267 78 1117 6045 21 572 30 84 739 789 339 510 1019 4156 3996 206 5041 58 454 4070 23 70 1000 9803 660 1186 92 6137
94 554 2486 2402 725 5051 1679 126 1917 355 686 8761 1387 69 199 148 2216 731 549 121 8 1270 681 1408 290 166 27 4022 309 1151 316 7003 63 2185 6502 1506 107 28 268 2923 4103 9 145 5483 5451 152 299 330 1287 62 114 4425 824 5442 158 1783 19 135 37 102 382 451 2639 6962 7 6481 72 2816 57 325 1661 3458 2985 131 881 74 14 703 735 663 161 6607 1124 78 348 82 103 123 15 30 206 96 61 132 44 619 5 7640 88 830 7635 1558 5447 23 1008 11 55 321 4625 1360
95 7585 3774 3198 176 2120 5101 126 120 1597 686 69 1387 3199 199 148 2659 940 737 372 1131 193 8 6086 27 1321 8992 63 1756 224 28 2825 164 2573 5011 957 5616 152 1204 65 2136 9 4373 211 107 1575 62 7033 8243 3995 747 2820 4725 19 114 487 299 1339 72 131 331 37 2668 1296 7 638 102 375 2017 158 6147 14 58 659 7842 300 61 198 57 511 15 103 929 1112 78 3404 1117 2791 206 614 147 196 21 30 175 513 742 536 626 631 1628 38 455 4791 993 117 56 2852 82
96 138 1482 6459 176 2614 709 120 1122 1766 728 252 4288 69 356 442 184 7151 671 2198 6082 1270 8 27 193 253 1385 229 224 63 139 2067 3204 2185 9 164 28 285 65 145 432 152 280 268 107 552 632 484 542 131 72 7 1168 1691 1350 19 1692 2088 37 342 2240 14 249 62 102 1423 2431 1903 206 599 1836 114 439 1272 451 561 424 659 4801 517 74 78 7155 57 778 2190 123 267 1805 30 614 7306 1777 1298 777 58 1186 140 5825 3066 88 23 11 1530 44 1640 1012 1467 183 15 531
97 5381 138 2780 6102 5276 4142 176 120 126 9691 1434 4301 69 9630 4266 1881 1200 2653 3441 197 148 329 6379 8 624 27 426 3295 166 63 285 229 28 1256 1868 815 9 6062 164 2573 65 5582 2492 727 585 432 107 72 249 131 102 62 1095 158 7 1174 114 4425 37 19 5712 78 14 480 596 7176 395 1114 187 57 6361 3231 572 6621 198 3397 2480 61 707 735 1807 594 375 2348 7692 5029 15 1112 140 267 58 103 74 82 1454 1258 1478 273 7993 96 21 3769 7116 1548 3121 132 1777 44 983 519 5 146
98 3097 1958 859 869 797 303 977 120 355 1184 69 2148 236 2478 7347 410 1283 121 5394 329 8 27 193 494 2039 166 915 927 63 139 1756 7173 229 224 6628 285 985 7753 5350 28 8349 9 4157 65 1736 6201 815 1090 145 9155 72 62 7691 249 114 7 19 1174 37 3517 14 1161 78 395 5084 4040 1423 4104 198 6932 7022 3564 58 57 117 74 2008 157 1450 1546 82 707 175 2246 6234 5130 15 1275 339 715 1207 439 103 1006 110 5 44 3351 21 2728 377 3065 23 812 30 35 147 370 56
99 138 867 621 5959 1583 4487 3057 120 482 686 252 69 199 184 1070 3697 2504 1365 6141 8 8270 1437 1734 166 27 1052 1756 63 7454 4061 1065 1793 1352 139 28 1557 9 389 65 6385 7218 1093 3008 280 107 211 1320 1287 62 776 1914 37 249 7 935 3543 495 1612 1911 19 596 74 14 72 599 962 135 4745 332 187 747 881 131 604 114 424 2919 6292 117 58 300 331 198 61 5522 2006 6234 82 439 175 2104 1137 517 6841 646 735 616 2977 30 57 96 531 1386 511 4195 5 1231 1349 1966 15 785 4545 454
