100
0 3223 4419 218 6515 3206 873 4812 476 6855 2685 3960 1642 1272 6567
1 612 5311 3391 4339 8957 844 5130 8506 4851 819 983 9656 649 5851 9182 5985 8042 2723 3003 2541 1951 2296 4354 6982 8653 7470 5163 6375 1163
2 8229 8224 3216 392 4953 9926 9899 7916 6946 9087
3 776 9159 6179 1538 9594 185 2741 5459 3529
4 7954 1463 2368 8037 7939 7123 3362 6236 3020 4917 9140 8635 364 5845
5 9794 4664 44 4728 2080 2582 1218 4943 9657 1719
6 1265 3848 3745
7 1775 9893 9425 8148 9122 2178 4352 8583 2126 2199 6358 2272 9033
8 8769 3091 3187 3382 867
9 8 3123 8389 8614 1624 4345 6064 8778 3394 8197 8108 460 1209 576 1452 2070 3599
10 9851 4231 8878 6697 5397 7192 3549 4361 8295 4223 7291 4299 7133 155 4273 3443 3102 6715 6440 6585 6959
11 4308 4018 6266 8185 9910 3116 5197 1785 5752 1126
12 936 1725 3679 4596 8619 3961 6165 4359 4497 4013 6939 6980 4721 8913 4487 8542 8870 3207 9965 6037 7260 3159 712 6433 6364 9103 2365 5619 3151 8658 7290 7506 4928 9878 6640 5597 8931 7856 3544 9452 2 2604 7612 65 226 7657 928 5645
13 1457 9913 1560 2746 6847 640 8153 2110 583 9054 4463 1644 2867 8727
14 4492 6061 8003 7641 323 8951 5211 8345 320 1105 1957 3859 4263 8760 7565 1494 3979 813 2629 2952 5790 8393 9788
15 97 1268 5200 3146 4334 3933 7168 9259 8785 2776 6088 9073 1401 9030 1858 1208 1198 6281 8713 5184 8637 2096 5302 6080 8073 4064 5102 1171 6317 9500 469 3327 9438 7709 9163 760 4251 4804 8834 4144 566 3004 9992 8008
16 4110 3699 3648 1705 7425 4760 5280
17 3217 1262 9549 2336 4510 6822 2848 8640 736 3097 5367 4787 8263 4079 6321 4815 6899 3627 8331
18 1899 352 7594 5647 9274 3304 1846 9552 5023 9424 2203 9071 4422 9916 6554 3511 5801 1748 8889 9588 2768 3450 2698
19 5123 3446 2457 4391 9076 9110 451 2312 802 1825 2439 4922
20 5512 9515 9154 8017 8980 3465 1024 1878 9222 125 5952 4738 5168 7649
21 6801 1002 5401 4104 3533 6618 404 621 9666 6368 3690 7538
22 8067 3656 971 2440 3281 6038 7037 6719 6011 3682 4662 1561 5455 4628 7157 7902 7462 3527 2673 8818 7829 4673 1046 1098 9682 668 6885 1654
23 8375 5310 8719 1007 1012 6133 5813 1880 4857 5234 865 5965
24 57 5423 9289 6782 3608 9415 9428 8792 4840 7330 9749 5528 6015 1406 9705 459 6399 6705 5418 284 6762 9977 8146 6140
25 5643 8305 1327 5662 5386 9106 743 2800 3470 253 1015 8172 9060 6996 8890 7655 5957 4242 5441 1547 3891 5653 1959 5880 6008 2600 7353 1493 8869 4919
26 8898 9041 6325 8522 1811 3566 3482 5626 4257 5582 6113 8993 563 6296 2641 2487 7437 7619 551 6703 262 7879 8232 1392 9610 6117 5755 6327 907 8825 9168 2144 4502 9812 3872 6808 863 2511 3002 2523 1713 2125 9117 2278 9135 9294 3063 1664 7516 4468 9021 833
27 8391 1482 1441 916 4580 5028 5591 2060 7951 878 6039 588 1834 1675 4618 9976 7399
28 7972 1081 360 9573 4934 3747 3795 1700 4587 477 5519 4155 3399 1364 2045 1906 8434 6343
29 8188 4252 8051 1217 8497 3008 818 2343 1931 669 2605
30 814 2241 3607 6214 2131 8014 1800 3865 230 9513 3936 4880 7549 4674 2037 7173 1415 4340 9242 634 7263 6482 9820 8665 7320 2314 3548 3023 8787 324 5780 9075 7448 4293 5513 8155 4640 2659 3693
31 573 1539 1505 1118 1548 6686 2405 7925 6235 8150 1623 4754
32 1150 675 6449 6394
33 258 6437 150 8783 162 7386 34 2391 2234 8711 7891
34 3536 4118 7673 4615 2929 4784 2463 1569 4491 6030 4572 4508 1668 5804 3034 9138 2033 6851
35 7740 164 4711 2722 2984 9780 7274 7518 2584 6344 8077 8779 2763 3456 3234 7702 6786 3920 4240 5596 7036 8494 5483 5006 8323 9995 7122 8302 2158 235 8402 1138 2400 248 4853 9856 3735 4348 7419 9461 8910 2930 9773 6389 4852 5665 730 2047 5709 7446 9676 6612 6765 2335 533 9565 7190 5675 2587 1001 3919 6460 1398 238 137 433 4373 9581 7241 3668 6328 5854 962 9288 7164 2646 4655 2291 8599 5447 8332 1249 5943 2759 7410 1348 8698 5657 9829 6716 2970 3488 1409 7707 8144 5406 7461 9133 4734 3793 3993
36 4536 9479 3262 3575 3316 525 7598 6283 5617 9595 1135 2059 9733 7720 9380 3946 559 4217 580 1747 267 1976 5155 544 7259 9475 8829 4566 7893 1387 8873 3514 8798 8447 3654 4900 4344 4743 5435 4972 7953 6831 9403 2901 7871 6583 6816 1694 7216 687 4226 6065 5529 5503 88 9097 167 6081 7983 1966 350 829 8119 7926 6745 574 4069 1421 2159 8887 2690 4269 9322 190 5247 4811 6905 3276 8448 5990 4616
37 8303 647 5878 4162 9734 5950 9309 1622 8409 416 7928 7068 2709 4954 3577 4089 6964 7587 9545 4564 5381 3365 7420 9444 6962 9382 6333 1952 4423 4482 3687 5610 9109 3665 5205 8284
38 9884 9000 8729 5707
39 4176 4059 7759 7334 5530 288 7746 1080 9499 7576 8289 4701 281 9838 3068 3593 9215 2015 7659 4530 1023 5749 8078 8179 6135 2202 2294 757 8472 8912 6245 1593 7887 5030 7250 1974 7938 6014 2394 4592 5890 338 7401 445 7467
40 7048 3463 6138 1408 6147 1554 6240 4556 9622 6002 5682 8320 5161 3246 2682 14 8387 6005 6952 2654 4855 3798 5926 5949
41 9046 7143 3130 4084 9814 8591 2512 9435 9529 1185 1502 2470 5583 6216 9162 7007 5334 8478 572 3624 1613
42 4509 1464 4254 1759 683 6971 4516 5473 4869 6095 8900 7503 4879 6167 7889
43 6162
44 729 8351 9240 6468 2451 1351 1761 7303 4098 4366
45 3336 1955 334 1898 8074 7329 9505 9720 1802 8752 2298 5185 7017 3602 3525 5703 7728 3808 6229
46 4023 6116 1876 5731 3873 3009 8063 9558 8707 154
47 4884 7552 8791 183 3359 6378 7186 5300 7588
48 2619
49 9868 8721 2628 7685 6504 778 5434 1204 1534 8376 4246 7011 2677 143 4258 7214 6446 5176 6249 2342 2035 3995 1295 4249 3012 5955 5079 1061 8691 2571 4698 1631 6566 9470 3871 2779 5754
50 7721 3828 7279 1986 3197 307 4696 4225 4988 6166 7286 5084 4832 8496
51 7485 6256 9429 2732 9608 2849 9792 737 3099 3541 7827 8487 9629 6091 7383 2843 8574 9059 5415
52 4119 9964 8988 9269 1760 5898 1399 6377 6624
53 5540 3977 5464 2989 245 7295 4202 8087 6936 4081 43 2773 8334 5912 2561 7986 8195 8801 981 6652 4774 7894 4174 5384 3694
54 6357 3052 4255 6682 9307 2137 4175 9960 6448 2757 516 2460 9017 9410 8440 8961 9436 6319 6922 295 2318 709 8551 6543 8446 72 2454 5799 602 2016 2483 5761 9957 3258 1106 4563 2807 5085 4911 1301
55 5681 6872 2955 5388 7211 7755 6796 2265 1525 4816 3817 8438 4337 5841 4027 2821 7480 5402 8080 4854 628 6550 1501 2155 8001 4143 3900 3969 7107 6958 9725 879 7977 1173 3375
56 4413 5301 5980 4375 653 3325 9688 3623 5945 2392
57 9384 2738 6999 1903 6767 7172 8011 7507 5249 9440 3539 9665 3730 9822 6458 1193 4224 1362 3083
58 9224 6463 2376 9116 9088 6738
59 3667 9895 5976 6575 9753 3338 582 9463 1516 2004
60 9925 1545 2899 7775 6279 9195 2602 6083 9649 8283 6209 7790 6314 538 6442 8571 8190 9837 4962 8193 100 4558 1690 6342 2244
61 2932 3106 4417 329 949 2396 4281 2397 6500 7300 1291 2147 7169 3245 8714 3719
62 7532 6238 5904 908 5552 73 2996 3526 2095 4311 646 6040
63 1343 1895 5225 9971 7870 2904 2726 9418 9192 200 7129 5374 3424 3478 8453 7185
64 1683 7254 7691 5879 1311 1346 4626 7146 3171 500 2856 3988
65 8461 633 6992 6638 5587 3030 4826 3495 1471 3129 629 5572
66 7837 42 5637 6085 311 7313 6018 8600 6496 1978 7681 7842 2680 4704 759 8813 5989 3878 3257 4057 481
67 1203 8462 1764 2749 1792 8432 3453 9383 6150 6260 3298 3372
68 6814 6917 3559 2333 4020 7868 7792 6602 8946 7779 4111 2378 7020 8291 87 5240 5180 9323 887 5753 7698 6026 7231 4827 4977 4083 1339 7417 6432 627 2290 9039 7687 5260 2081
69 422 8531 5269 6421 3152 6282 6643 1918
70 2734 586 4325 7713 1329 6973 5390 9449 1503 6077 9660 4814 6435 5824 4085 4453 102 3000 3292 5254 4951 225 3031 6711 86 170 6481
71 603 4070 2256 6156 9387 9244 5019 3899 8871 3945 2963 7447 7855 3535 2361
72 272 7016 7132 8040
73 2895 6452 7748 6469 4106 5954 1990 671
74 1176 8895 3927 2025 6590 6267 8180 5359 1461 4394 7177 9375 373 9978 7515 708 5593 5040 4472 6709 9023 6837 2263 8976 2284 9170 568 7607 6545 7475 6430 7429 2743 5905 5080 2476 4128 6599 9328 8997 700 3448 7140 3093 474 2067 9179 3594 7585 2072 555 3434 5783 8960 6662 158 3786 3849 8680 9175 3092 163 7767 6736 9847 999 2217 8528 5244 3280 8947 7776 9216 7486 1100 2669 5181 8271 1491 4392 3323 3660 2495 9981 8503 5063 3224 4665
75 1028 625 1149 3022 6846 4507 7307 1157 8526 7009 5436 7005 898 1600 54 6723 31 4166 8759 5520 8123 4168 1541 5059 6576 8564 6477 9200 8945 735 9547 5284 1710 293 4295 1143 3691 1590 10 7297 2421 3755 2443 7103
76 9233 2083 9789 986 5136 8511 3358 6416 8417 9467 7718 3788 6035 9313 2458 8016 4604 2329 7614 1134 8352 4870 144 2200 5558 9973 2462 6694 2420 5634 2549 3760 9185
77 6231 7114 6227 7974 2453 1246 7144 2696 3458 3777
78 5652 4358 9016 6633 5793 6079 5171 5151 4014 8940 2537 5026 2119 9721 9520
79 3370 453 6906 3272 9571 2630 1926 5341 6927 1498 4264 9317 7572 1702 4153 5103 56 9724 2627 1756 2713 6654 1519 1111 897 6044 6265 6802 2028 3380 2531 9064 8161 4929 8287 4607 9504 2499 3189 8476 4831 8774 2697 1011 9381 2146 4035 1564 6208 7034 18 8282 5017 1514 7149 2027 9455 9299 2419 1963 9232 1289 7660 4321 977 9184 7985 6369 5872 3866 9548 6752 9803 7797 426 7630 1094 8806 212 7094 7134 4940 7267 1612 7571 2350 6151 5361 7022 5332 4015 3590 9086 9279 9802 7040 7257 837 4090
80 5896 6868 2109 8625 1018 7070 5419 8169 2082
81 7098 2285 2011 1791 2349 6531 5299 5452 4122 9113 5035 2683 6840 6224 4847 7712 3631 7013 8357 9638 3085 2370 1527 6376 8205 3074 4690 1542 9875 2210 9634 1586 7990 6666 2323 7620 1349 6084 5669 8896 1942 2579 1469 409 9718 9370 3486 7703 6382 6690 2785 8575 8919 4504 3161 1941 6475 6075 6034 838 252 6405 8509 135 6750 1438 8359 8962 4130 8915 5758 7346 9249 396 7234 7981 2790 2221 4515 2043 6538 378 1123 2756 1794 6372 7595 7838 9040 8104 2804 6562 4584 9537 3894 9827 8833 4550 1284 5351 7971 784 5095 7674 319
82 2513 2438 9287 9607 1943 3341 3111 4005 123 8245 2653 7828 5579 3852 4420
83 8510 2167 7714 9717 1823 1809 26 1252 1850 3242 7784 2755 4332 4670
84 1557 2622 7892 8673 7385 5112 4333 7848 7843 5581 1379 5021 9583 4603 2286 9141
85 4188 3173 3062 6679 9411 5718 8948 911 8800 3195
86 5121 2864 176 1036 3349 289 6111 5624 7483 2503 1663 6524 5189 8493 2656 8353
87 8048 9318 9167 1459 5992 3814 7798 3461 5107 7411 3301 3105 7361 9695 1521 860 1088 3165 456 7679 996 9853 2409 1881 9979 7432 2993 9120 5396 7493 1599 7142 8365 335 4159 1239 6721 4147 5317 5839 7919 5831 7350 8852 5212 3672 4365 5881 1582
88 6607 7647 4983 4921 1146 7819
89 5695 5295 4700 4136
90 4521 515 8580 3348
91 7536 4322 6123 4634 7997 8310 567 4280 5940 2121 5426 5248 8200 3790 1391
92 3387 5387 8189 6761 5618 584 2104 2321 4356 3789 9297 835 9793 3705 8145 8018
93 6541 1589 7395 1013 3614 2554 4777 8758 2649 3090 7943 5020 5268 5375 1020 8076 4656 1030 6551 7228 794
94 5927 2074 1386 2567 5944 9924 7811 407 5179 8631 355
95 7444 7738 7886 6054 2988 8630 5127 7469 1854 7664 6890 2894 5666 2610 4077 7980 4534 1993 9644 1068 7317 7761
96 9353 9277 7808 9710 4614 6828 2949 1035 3700 519 9404
97 313 1768 731 6744 2140 8361 2645 5687 7372 9174 9937 9661
98 6530 2812
99 3976 5368 3638 541 6052 8979
