500
0 2497 4521 668 9725 815 4251 3324 9125 6197 9021
1 6054 3084 3174 4417 2806 4475 4674 8185 2101 3300
2 7134 66 9485 2931 6882 1537 5691 9920 6124
3 9321 7174 9283 8780 3923 2390 8854 9090 3918 14 6379
4 2981 6267 3001 9103 9543 8176 2599
5 4224 8914 2118 9871 4594 6441 2565 5630 4838 8660 3838 6387 4356
6 5280 8797 5716 5595 7672 7088 1626 8964 416 6934 5957 5891
7 3783 4580 4592 426 9025 6700 403 1691 3392 1822 5004
8 5520 9192 1522 9144 2401 6327 1967 4290 8987 213 7006 8367
9 2687 2129 1743 3463 3662 9456 3082 4964 407
10 6793 1977 9075 8390 7190 7611 6746 1353
11 7904 4490 5179 489 6979 1364 9466 9275 8237 285 1621 3393 5132 5838 1167 6898
12 1063 5676 8372 9353 1340 6078 2771 5624 8648 9618 755
13 4032 6137 4087 3051 7299 4197 6614 5144 1219 6368 7586 7362 9256
14 5601 1279 1761 4143 7547 153 5170
15 8357 8510 5303 6668 3823 3841
16 524 2701 7346 2463 7654 6366 5840 7501 4304 3080 5245
17 493 6131 2663 8552 3991 4312 4654 2113 3046 1592 4002 1405 8223 9666
18 9935 6920 9206
19 5649 7435 8866 1978 7880 6190
20 1740 8671 6165 3666 3257 3562 9161 7062 7987 36 7083
21 1336 8306 5831 6221 9115 1875 341 7218 5531 296 9110 5409 737
22 8353 8481 5070 4602 8355 7253 8899 8338 6464 7794 7315 8836 4027
23 3262 8632 2574 2391 5553 1412 8801 981 4822 8261 4646 8452 6808 9349
24 3672 3951 2781 961 6992 8740 8394 8926 6290 5014
25 6563 7013 6732 1569 6134 5634 4567 7945 6801 7272 2951 370 5674 5156
26 4182 6339 3056 6587 4763 7438 3995 2155 804
27 7859 3824 806 8860 3714 9217 5191 7685 1515 7121 2475
28 3857 5869 6739 7262 5291 3104 8354 8215 9549 9529 6389
29 4909 4676 6371 4100 3347 4104 2646 4147 2394 281
30 7885 6411 538 8898 6902 7170
31 2987 5877 732 9675 9066 987 7563 8088
32 4867 5447 8989 9455 8402 8642 6776 170
33 4081 5157 7263 1200 123 5454 7033 9050 9938 9313 5673 5532 7939 9027
34 3720 1617 6115 2839 6072 9491 7907 5978
35 8605 9615 1078 3274 8389 2589 1895 9322 8624 2320 5730
36 7430 9245 7684 3579 114 544 4947 8335 5672
37 3681 1323 2586 5896 5779 2425
38 9676 9923 6829 8507 7241 6193 9053 7242 129 6001 6970 9399
39 760 7798 9163 2036 2263 478 5035 2946 1887 6505 4632 3129
40 7112 9924 4208 2153 9747 8930 9960 1400 2910 3061
41 2512 5384 9177 7951 6963 453 7364 6352 3599 959 5611 8975
42 3311 2560 2165 1343 5398 4229 8635 4161 8236 4367 1043
43 3152 6903 3301 4735
44 7453 3657 1111 7014 6494 3329 5145 8841 5307 107 4327 2920 6613
45 8785 6
46 9235 918 3670 6040 3431 2498 6798 1680 4193 4968 2293 7474 3284 4616
47 4777 4230 3171 3625 4976
48 4591 1696 4749 3994 9264 1616 5276 6924 582 9738 4206
49 8815 9317 9311 191 1560 2846 1307 4914 1408 6472 1289 5034
50 2638 8999 7275 9880 5169 6211 1069 4504 2525 9056
51 583 6691 1711 3537 9446 6489 6347
52 3336 1044 2472 3694 6037
53 1881 5750 5393 9621 7980 1932 3135 704 3190 7025
54 6172 7129 1461 6260 9895 4965 3288 9036 7227 3583 5589
55 2730 3523 9236 1398 6046 3163 5598 5664
56 8822 5466 3458 8729 4532 9396 4851 5700 623 8305 2731 7161
57 4505 9067 2509 5862 7451 3208 3958 2059 7878 7164
58 8861 3494 4850 4611 7677 9671 7753 3866 661 6509
59 4172 1554 3206 9867 2490 2697 7702 23 7117 219 7414 5109 7513 9007
60 9133 3581 7193 4780 4987 3492 8549 5071 9957 4383 1053
61 833 9840 2828 2724 8432 8969 2137 1847 3771 3411 7508
62 6444 6147 740 9436 7311 7286 9215 8144 3423
63 1940 8990 6723 4699 7861 6940 3641 229 4076 8569 8162 9964
64 3308 5234 5016 8652 3126 7353 9989 6872 1510 9556 4463 2467
65 4306 550 2635 8081 9931 5830 1389 4785 6483
66 7216 5826 4920 8736 9122 8772 1322 3413 3827 3222 3682
67 915 5023 7225 1698 1409
68 2054 7949 5825 2289 3119 6886 5041 1453 3527 6672 714 9620
69 3086 6523 5402 417 9779 9777 7037 5796 8116 1399 6048 9646
70 5884 3350 4681 1145 6241 6982 2235
71 720 6611 6020 8186 8480 4394 2860 7192 2035 5232
72 847 7498 6602
73 9312 3249 6734 7792
74 7755 2765 8881 5584 5247 3453 4187 3944 6247 3890
75 1937 6764 7641 4625 2044 9052 9492 5224 6598 4691 9137 5516
76 5708 9079 5395 8393 5868 7060 5573 2239 879 4422
77 832 3542 2218 2614 5468 9693 3421 4977 9657 5099
78 8453 9569 8473 5111 7482 611 1150 2264
79 3653 4222 9082 871 8016 3561
80 2258 9414 6289 7786 5176 5359 3169
81 9040 3277 7076 378 5277 2322 8158 6446
82 52 6447 916 6419 8958 9472
83 1942 350 8664 6861 3188 8949 510 3189 4387 3297 2278
84 652 4372 7131 978 4734 7327 7252 8145 1720 8188 5226 4496 8438
85 5024 9273 4726 9111 1049 8309 5816 173 9538 502 4581 3813 8014
86 6713 9785 7650 7715 7914 1581 6883 2869 5336
87 3739 9468 6376 4678 1838 8798 5729 3243 2933 1908
88 1683 1177 4102
89 5391 3926 2439 3053 3604
90 5426 7720 9301 8350 5188 7381 5892 6518 7843 2024 7188
91 1348 6544 7712 3716 5207
92 5429 3147 300 7777 6266 2598 715
93 3573 5186 6905 9218 4650 1058 5461 7784 3103
94 4328 8479 1604 7749 9949 2761 4119 4717 7577 3612 9582
95 8786 601 1369 5500
96 6181 336 4888 2183 2702
97 428 9622 8042 4445 6084 6712 5678
98 6554 2202 2935 5961 2301 8330 9233 3602 3509 8300 9330 4477 8796 6960
99 6218 8346 1603 7276 2039 5780 9788 8592 9358 2830 2079 2897
100 9211 151 6007 5754 921 4751 9413 1375 1034 3547 8668 7687
101 8136 8789 5442 5257 4771 1316 8518 7403 4501 7467 1106
102 4901 1451 364 8090 8476
103 7228 2870 3100 3362 9130 2099 7536 1836 7495 4779 2499 680
104 2658 6928 6164 8931 1442 6543 2197 5185 6914
105 8170 6676 5803 7758 9310
106 2160 2017 2695 4443 4800 9608 7966 6830 7187 7288 5580
107 513 2941 4793 3685 7043 1665 7708 8927 8225 386 9820 6321 8060
108 3330 8475 9856 780 9866 9507 3937
109 7116 8749 7991 7714 7514 3759 2915 2942 4407 721 1593 2480
110 7736 8768 706 1407 7485 5022 8099 5945 8527 4834 4151
111 468 2953 8421 1232 7816 436 5261 51 8911 5415 8352
112 132 2746 6572 6303 4660 4444 6138 1283 6331 3552 4708 812 547
113 1634 1789 5905 3746 1477 4586 9180
114 8469 7732 7442 7278 8685 7833 3454 860 8572 7647 893 7454
115 6641 7389 7559 3524 6367 3534 4031 2345 2242 3705 8243 6196 8692 8932
116 9823 7927 766 6104 4702 8543 1639 9797 5747
117 5639 1027 696 1235 4975 1156 6913 1470 9189 3772
118 6433 8750 2102 9169 5603 9906 1837 4300 1752 818 4658
119 1889 8460 5950 1668 7845 8151 8159 8666 7773 4332 7289 318 9258 3016 9903
120 476 7925 3795 7621 2505 276 6220 8865 7491 8847 5362 1997 3184 9688
121 5287 4195 1773 7431 6144 9898 712 9099 5488 8499 3058 8614 9637 81
122 1893 6503 3493 9695 8241 4071 919 761 3668 5633 7849 2650 5131 9230 7439
123 1611 9422 4298 3167 8528 1669 4587 2023 1953 2502 5211
124 5462 2887 9095 7235 5667 1301 2723 9168
125 8067 2047 6865 4966 4908 1072 5965 7356
126 5495 9846 757 9142 526 494 8581 8439 2948 5203 492 1934
127 4247 2865 7344 5966 5306 6460 2996
128 3895 7701 1763 2713 4806 2340 4341 6170 7428 3092 9297 4638 2375 3314
129 1020 490 1973 6469 9968 5560 6404 8233 7490 5270 8195 2248 8449 2673 5890 6265
130 6718 6810 4008 4465 8172 7162 7779 9751 6954 425 5282 569
131 8882 3510 7 2881 5528 5494 9402 8152
132 9598 8387 9528
133 6299 6412 9438 4855 7496 9848 119 5627 6258 3326 7319 9786 9445 5053
134 828 6395 9636 8216 5885 8085 1092
135 5609 6063 4194 1359 6229 6623 1449 5321
136 1052 9534 8281 605 6532 4873
137 9315 3551 5456 4732 3855 3998 5392 745 4569
138 1712 7105 2494 2300 9379 2379 9408 7530 4080
139 8493 8045 911 7540 268 2969 9395 9386 6775 369
140 5115 6506 9705 6665 3749
141 3683 1548 2096 2436 340 891 2453 3709 2083 7115 4572 7239
142 4007 8020 731 2265 8132 1766 4720 3396 4994 1914 7962 8106
143 5556 6619 9977 5388 1007 9415 6823 7223 3796 2404
144 2431 7675 4369 3797
145 6501 7464 7261 1008 6287 7814 8383 610 8329 8954
146 8319 4737 1801 8977 8626 616 8410 4690 4307 5436 4414 3799
147 4736 7938 7574 3403 9409 5588 8676 5897 3349 1147 6031 771
148 2879 7181 3023 2718 2290 7450 4141 8356 3095 2577 1366 9285 9816 753 3830
149 2468 7828 4954 9296 1769 2437 8939 1411 7865 8118 8647
150 2308 7943 7074 5085 7198
151 4939 4522 1194 1536 5428 3770 2655 4406 1618
152 2228 7651 5117 3204 8756 9223 8247 1503 3505 9908 7915
153 4563 5390 3121 7036 7360 7788 6295 4677 8490 6334 6828 4700 2810
154 2979 2070 4480 5268 8908 5422 7047 3894 1732 7662
155 1824 5158 7903 6804
156 1231 5193 3247 8918 5515 8119 2895 1414 6557 8620 9588 984
157 5416 9196 7255 3033 7071 518 7111
158 5509 5140 9271 1796 236 7232 7118 6273 1141
159 8164 9094 3647 6436 3022 5926 4842 491 877 4362
160 6560 2896 7246 5196 1577 1916 6522 6657 1131
161 8542 2559 4622 3391 4925 267 1022 3549 4226 3331 9087 9692 3375 2186 3723 3916
162 1841 6653 3766 8080 6192 4928 2294 1501 33 7236 3981 8640 5871
163 966 316 2608 857 1032 1134 2943 9844 9872 7512 8574 8536 8422
164 7009 3153 7787 2086 2838 8942 7459 1180
165 1394 6109 6189 1859 5988 9041 4963 4266 3632
166 4684 7147 9284 8637 1902 2225 4821
167 5749 9890 7144 8457 9764 2533
168 7500 4121 998 600 8746 8824 1071 976 4033 8149
169 7922 8406 7396 7280 2418 5666 7649 206 9999 4922 11 2460
170 9034 353 4085 7655 3072 7709 1956 3744 6237 819 2270 4091 5817
171 4546 8689 7143 7790 2826 348 9680 8981 2968 5701
172 838 768 1676 4725 726 4819 3514 232 413 5969 8720 5433 5912
173 1850 773 4277 1860
174 6269 2607 5126 553 7099
175 3745 9159 9280 2297 3567 6231 4040
176 5382 6270 9762 2002 247 6208 2857 4593 433 9112 2794
177 3715 9634 8096 6983 9270 1950 1521 501 1964 4129
178 9371 391 8008 2711 9585 6996 7123 1912
179 3227 6579 1508
180 955 2458 7552 650 8155 4421 2018 1403
181 6311 4292 9430 2109 4045 4453 177 6849 8297
182 4126 7531 5679 3828 2314 2875 2408 853 3150
183 2426 4561 6145
184 5055 3123 4260 8505 7804 3385 4026 3793 790 6701
185 2201 1175 1998 4486 7984 6133 3245 4701 4956 1384 3317
186 2272 6414 9184 9887 9758 9287 5208
187 421 62 2184 5736
188 1565 5154 13 215 1533 3182 7950 6019 4216 2590 3974 3997 4212 8235
189 8063 3692 7233 2741 1941 8654 5150 9523 5469 6925 254 2491 6821
190 5073 9237 3 6070 9266 2732 5097
191 5693 5787 6120 1107 1396 8442 7469 3601 2674 9026 8420 1658 3213
192 4242 9478 9689 9722 1439 3691 7191 6116 2735
193 6656 6374 520 884 2998 3656 9677 6538 7550 7054 2647 6205 9790 6693 4213
194 2275 6670 4086
195 5386 1202 2977 3909 233 9433 1793 1387 7781 2840
196 6878 4310 4511 312 1233 8790 8373 4755 9440 344 27
197 3156 4192 1725 1189 6036 8616 7680 2210 2064 6298 9444
198 1762 3856 7489 8523 5030 2376 7026 1638 7613 8535 4570 6169 928
199 3807 7504 1146 5209 3644 221 5800 2326 6364
200 2175 5933 5404 8972 3368 653 908 5353 7158
201 2777 1703 9209 826 9487 5499 3275 684 3318
202 9763 9232 2119 3024 6319 9711 4137 497 6787 4537
203 8143 4896 4933 7322 6901 6071 1122 5723
204 7357 3837 1 7318 5272 1582 6272 3004
205 354 182 5888 5654 8301 3415 8517 8308 4982 17 8131 6162 3731 4065
206 4988 8645 7329 4264 6941 6575 5777 6825 4411
207 6762 5449 1120 6510 6724 9641 3279
208 9481 3596 2519 4273 7633
209 4051 6426 3999 7440 5343 8113 1896 9246 1630 2570
210 9601 858 7059 1038 536 8228 9930 4326 9356
211 970 578 6846 6541 4225 9076 5194 4992 1785 7856
212 5710 5317 7405 3765 9336 1116 910 4483 8429 6155 1256 1619 8803 8983 4633
213 2595 6062 1222 366 2745 8681 324 4454
214 9640 4564 2984 7742 5503 9834
215 7155 7254 4703 8272 3804 2778 2125 7413 3210 1151 7608 9728 1835 5254 2983
216 5898 3820 8703 5017 1055 4433 4275 8194 4985 2873 5445 4155 4109
217 218 8916 6391
218 8440 1064 1402 8683 6845 5995 176 5430 3538 2813
219 88 8267 3008 4015 4980 1746 5293 5452 9309 8315 2861
220 4461 1962 5296 5755 496
221 8994 4402 3554 5403 6786 481 6178 5756 7141 9647 1853 5851 8503 9940
222 4959 8298 8434 2902 724 8738 7648 5325 9332
223 2696 1495 9745 3440 8307 6061 8862
224 2078 2421 9366 424 7537 2603 4814 3767 3636 7321 3007
225 3388 4177 97 3614 3456 71 6060 8034
226 5549 4808 3887 7383 8234 7137
227 6675 65 9152 865 4239 4804 8769 4272 5015 437 3851 3570
228 1000 5125 6102 7367 6750 2295 1198 590 750 1888 6890 5007 5104
229 1909 7940 6103 580 7800 227 6907 9731 4078 9990 6655 5997 7044 798 7716
230 287 7545 8590 9988 7234
231 728 5045 1435 3410 9127 3860 6891 7032 2158
232 9316 670 299 9401 3789
233 6338 5005 450 4902 3784 9838 5168 8031 5279 1775 5354 1723 4995
234 5044 4073 9384 543 1929 3631 4937 1014 6635 1458 8821
235 8770 6851 3740 1081 6468 3555 6766 985 5799
236 4612 5332 7955 2032 4809 4630 3899
237 5744 2551 8030 1191 9033 1252 6492 5999 3530 7730 6609 5834
238 8424 4038 6681 9009 7388 1757 3863 3737 4166
239 5929 448 2252 545 2680 9716 1690 6896 3919 2779
240 4892 3713 5770 7562 7676 5008 393 7022 7204
241 876 3302 461 2795 5737 2241 6223 5240 6604 2329 2381 4709
242 9244 5292 3667 7557 8165 2518 6413 6680 1332 7581 1724 1024 4397
243 8260 8462 7713 2085
244 4961 5690 4170 4828 397 6026 1474 4584 2117 8027 1943 2284 3078 9065
245 744 5519 5177 9605 6257 5727 2822 827 2413 6679 843 7757 7606 1938
246 3721 7073 7316 3669 207 9704 4437 8599 8112 3815 3306 5482 1430 9268 1774 116 9933 7889
247 6470 4861 6875 142 5478 1901 2515
248 7087 4363 3522 3118 8464 5423 8361 729 7041 9655
249 1212 2369 4478 7604 9292 8289 9967 4203 9746 7570 4189 4606 4754 7725
250 6594 3427 5819 506 9741 8291 9781 6590 3043 3475
251 98 6033 6854 4589 1817 7271 8936 8428 8970 7291 7085
252 1325 9443 2770 2999 6370 4969 3112 4238 8955 4497 1969 4110 321 8687
253 5839 8595 141 2402 8057 8520 2784 9942 8669 8522 5733
254 7543 7841 1482 2124 72 7397 8516
255 533 457 5427 3340 992
256 9340 1164 6095 438 2128 6548 9002 7457
257 9831 2157 739 3451 4315 560 5521 5135 9517
258 3373 4579 5330 8856 9359 178 835
259 6524 1105 5548 4452 5536 6748 2152 2582 4759 7250 2164 2212
260 1437 7078 3971 6826 4667 9827
261 4284 2476 9086 4752 8907 4174 3076 9140 6010 9593 5278 6384 103
262 682 4048 9362 2280 4849 9238 6958 8938 1321
263 8021 9204 9019 4274 2392 8011
264 5220 7197 1749 6149 8299 2845 77 5893 9357 3242 3984 3214
265 1636 2868 8998 9458 6551 7368 1039 6945 6482 1328
266 6608 7285 9633 3378 4776 257 226 2715 1657 5011 1848 3035 6951 2736
267 8781 1976 1140 6967 3743 5114 2544 7960 7961 1905
268 7734 3593 6926 7933 6720 9962 9537 6210 8078 2084
269 9188 8413 4318 9606 7923 2352 5052
270 2628 6933 3747 8302 1917 8275 8134 9558 2234 4871 4198 8160 1716 8336
271 5285 2243 4134 5355 483 7365 6647 9335 1250 6301 4733 631
272 4448 395 5940 4139 7546 1957 4378 198 3348 7337 5418 511
273 9132 4462 3988 7862 4923 4938 5608 6166 8509
274 1093 9654 5963 7126 1502
275 5151 1648 3059 1347 5493 6802 7909 3869 1267 8723 3928 956 951
276 4550 8976 8502 5383 3673 899 5728 4955 5212 3881 1496 2634 633
277 6626 8966 8342 4575 3535 5387 6993 5090 8950 9610 4183 9083 8277 3883
278 8467 8264 8887 9039 754 4429 637 1631 8191
279 842 6800 4695 8559 1275 4774 1542 9252 8675 1377 4042 4614 6950
280 3490 1519 6547 6282 7317 8506 6621 1645 7283 7063 6921 4517 273 166
281 6023 1813 3725 9398 4649 2365 4556 9418 2067 6455 1157 376
282 3586 6546 8257 1031 374 552 7269 1831 4202 3975 4547 2900 6000 4895 9818 7965
283 8483 4158 2254 1425
284 9354 1571 9018 6442 7237 4168 4132 6583 5605 1094 3972
285 2799 3379 6987 5137 2836 3052 8874 2144 9450 1062 2029 866
286 5407 3643 5089 6042 7169
287 8363 9047 7157 673 4715 9030 5405
288 6645 9841 9857 4764 9584 8594 3307 5645 5425 4052
289 3370 7893 5703 5439 7836 2817 1382 2738 1207 5894
290 2617 1666 9510 1989 9475 5371 8560 1806 3710 8461 539
291 718 6318 6530 4721 6500 6351 6188 4364 5762
292 657 6794 1697 5310 8130 7306 6974
293 9732 4484 5952 2417 563 3405 7194 863 2769 4063 6836 3885 1923
294 4728 5538 1467 4025 9645 5513 4610 831
295 8577 5351 8292 890 8619 4823 4890 8850 8615 782
296 3376 2958 3334 1420 8978 6840 6456 6770 3738 3845 803 3260 1986 813
297 444 5846 8278 389 6152 6937 7240 3913 3927 7813 1783 1955 9405
298 6964 9527 8274 7127 9231 2305 4173 5698
299 794 9632 8903 9566 8423 4196 541 7019 9348 9950 347 167 3987
300 1327 9876 3812 8895 1450 5956 8430 5081
301 2727 5121 763 3034 9874 9389 9617 6153
302 8960 7808 2706 4039 2545 3180 7874 9587 2864 965 7850
303 9691 7447 3624 4996 2203 7290 3565 3325 5948 57
304 1118 608 8982 6742 7248 4866 1892 5084 5239 4258 8526 8371 4627
305 5389 6377 4366 6593 2353 6226 8622 7493 8157 5473 6991
306 5301 2492 3518 6558 2105 4798 9372 2122 1663 234 2892
307 3133 686 1087 3341 9579 797 8710
308 4635 7220 9829 5166 3764 8142 8544 2167 6281 5067 2911 9154
309 6003 5773 1085 4176 895 4597 688 5647 9495 4320 7842 9774 9961 5653
310 571 2621 699 1588 947 4747 7340 2481 8455 5980
311 3536 6516 8618 592 1708
312 8828 944 5408 4074 20 9805 158 1002 2058 5341 243 6534 723 150
313 5592 4518 9932 9717 2330 3036
314 7744 9476 1040 4880 5346 3516 3754
315 1834 379 8863 338 4971 1319 199 6459 5399 1966 8561 6781 8242 9035 4314
316 4846 2486 3193 917 6234 2389 8743 3942 2610 2034
317 3460 9403 9388 1511 1531 79 5546 7631 2231 9048 3931 8672 313
318 3005 627 8945 8203 2957 9293 2754 2548 9109
319 5738 1037 1924 8655 3817 8296 964 6200 1861 4469 2366 1123 8971 8858
320 9014 5054 1546 1884 8382 3703 9391 4329 4883 897 873 1507 3607 8498
321 7510 5669 6909 3664 2206 6262 4127 6329 6465
322 4500 8040 8276 9153 317 9181 4613
323 9385 923 9031 4671 2220 2120 989 2302 6363 8597 2247 3122 5300
324 5248 3526 1113 1281 7380 7196 301 4761 660 8098
325 4209 4859 4376 3394 6597 7185 845 4360 8725 9325
326 322 9765 8444 9941 8893 8431 4917 8973 3239 5843 8095 8046 1505
327 4549 1091 7968 9864 646
328 9300 4005 7072 4432 2964 2950 9331 1410 362 4870 8853 3232
329 2033 2722 8192 9345 2952 2363 2842 1579 7350 5615 5857
330 29 7301 7629 3544 4420 4515 7091 3872 3381 6184 4558
331 7040 9953 5794 7768 2844 5107 4533 1326
332 2672 8239 9011 6416 1883 4188 3414 5298 5385
333 3358 3676 4133 2681 6451 5525 1692 6067 2561 5613 3782
334 8682 4207 3338 9364 9126 8600 2116 3422 9337 6156 5309 7260
335 442 7549 4054 3584 8762 2396 565 9792 7449
336 4214 8392 3985 9295 3677 4903 6202 7664 4781 3610 4157 1518
337 906 8667 936 396 799 8744 7342 7097 4723 4416 8904
338 2003 5881 6337 9565 1444 4538 349
339 9473 3630 6122 3956 5797 7628 3359 2441 214 34 4618
340 5534 643 7591 2703 4731 4269 1629 1513
341 3980 3195 4186 6117 719 5827 3613 3489 8084 9008 9326 3020
342 8967 8765 3700 3225 1182 8294 4729 756 4778 3557 7783 5657 7461
343 5683 4428 5006 6686 625 7711 8268
344 3513 6592 3758 5138 3521
345 5295 1197 4253 8279 8586 4107 5535 3312 8127 4900 953 1567 589
346 741 9926 8240 359 8791 7848 486
347 6646 54 3049 1239
348 6452 5860 2282 1988 1271 4562 4797
349 8792 155 9156 1443 1192 1693 669 6203 7817 2349 6151
350 1865 6449 7238 1830 9833 6999 9148 7948 1839 5711 6636 310
351 5743 8567 8416 5033 7030 8041 4862 128 5818 6015
352 368 120 5122 1019 4548 1844 7835 4254 8587 2967 1557 4286
353 8310 1098 9700 1759 6586 8997 5038 3697 4857 2168 6279
354 3299 154 1686 2747 9483 2963 1383 5372 1913 6778 8674 7386
355 6467 2335 3993 685 505 294 2925 3531 2273 2649 3158 1051 7970
356 8714 4380 8459 3626 6077 187 2593 6699 2277
357 5941 7429 4004 9912 3540 7754 3018 5326 3181 6278 5256
358 6642 529 8722 402 9508 5792 6710 323 1814 9250
359 1777 4449 7351
360 2882 5835 8546 3151 5251
361 3648 1097 4093 6533 9768 5932 4758 1580 6618 4666 4489 4957 3914
362 2791 7484 4018 8739 7821 9737 9347 8603 16 7983 4845
363 6227 602 8443 1313 9683 1440 1012 1601 7028 1868
364 4542 3417 949
365 3217 5804 6382 1299 41 3751 3592 9028
366 4324 9996 172 6731 4936 1718 3835 5934 6917 823
367 6385 7125 2939 2549 2726 758 905 5939 2211 3143 3805
368 676 765 4784 3298 9129 4507 9611 3064 8079 1255 2643 3450 6022 7079 9108 3970
369 2780 6899 7887 1792 1059 2572 3267 2384 7623 1647
370 2020 6002 7295 6809 3099 3879 4604 6906 8248
371 372 9023 6101 1852 1845 6025 9723
372 3794 6245 6168 7723 6362 3548
373 329 2744 1710 7333 3597 9986 542 3790 9147 2557 5970 6580
374 6831 3319 3419 6859 111 1361 6962 8777 5687 6150 549 3708
375 6011 5174 9726 2213 3026 9341 7231 220 5003
376 5769 6805 619 5902 4924 6357 1800 4948 5252 6086 3055
377 3865 7796 6834 4620
378 8002 3533 7358 2092 6617 5718 4440 7916 888
379 4685 1737 6443 9659 1963 8141 1525 2147 3833 101
380 2611 8705 9945 5360 1280 1564 7668 9787 3031 7593 201 9721 5656
381 2428 792 7688 7000 8580 4382 852
382 7642 6240 2878 6521 7313 5075 3859 5417 2961 6100 3207 2298 2856 8716
383 2217 5048 9423 3310 7038 5102 4974 7538 7207 1337 8784 4824 1174
384 63 8349 8773 5704 1828 8163 6380 3083 6035
385 7393 6394 4790 7264 463 5920 7863 5414 55 4234 5367
386 6222 9393 5547 2367 1946 9400 4727 8764
387 1259 270 305 4744 1010 3620 5572 1273 8583 5757 3278 9567 1829
388 6936 4090 7582 666 8568 5119 8375 331 3701 4271 1810
389 5554 9333 3132 8547 3398 8263 3125 9387 5807 6816
390 30 5141 5972 958 6491 212 9170 9651 8337 3821 9703 6852 5813
391 1529 1195 7086 8636 3175 9302
392 1004 9327 159 2192 8222 5458 2956 1987 9328 8343 2641 7015 7048 1767
393 5812 5127 7122 3027 3442 3541 5810 1487 3192 8217 9706
394 6312 4941 4191 2517 6324 9176 8135 1349 4050
395 8837 8259 4122 9382 9707 6953 7154 7138 3963 1203 5775 7027 3862 5752
396 3252 2676 7775 6148 1694 7698 2072 1670 6561
397 3854 5539 6378 6201 5228 4743 6552 8043 7068 1481 2395 2274 7692
398 9453 4000 1576 9576 1900 7683 6709 5219 3954 6463 3380
399 8224 1681 2521 5551 469 7377
400 304 9254 8831 7472 6752 5244 3382 4255 8485 6607 551 8609
401 4029 8198 5565 4279 5479 2309 8531 6942 5795 6727 6866 2858 6034 3253
402 4140 5895 8064 2215 4588 2867
403 9459 5492 3128 8425 2279 5904
404 6879 8033 5451 9604 306
405 8004 2991 2693 2069 1760 3729 4782 330 6972 4348
406 8471 4268 1368 9902 6916 3476 662 4766 9201 6346 2093 6029 1117
407 2785 6612 9997 786 6771 7879 1948 9736 6815 408 2918 2127 2409 2790
408 8817 6601 6066 8055
409 3353 472 844 4377 7215 4746 1625 5662 8154
410 9484 9619 2457 2654 3465 8879 121 4487 7899
411 333 2531 4644 9612 8001 4760 779 7947 1048
412 1416 5216 4837 3401 8951 7465 1331 5356 297 7997
413 4083 139 6186 9141 8038 1303 7703 648 2537 2140
414 9522 8125 5350 7224 2007 455 1745
415 1345 6961 7610 2477 6695 691 7724 5974 664 3292 802 2978 7590
416 7343 259 3637 2575
417 5271 597 7974 656 6448 3629 5761 6605 6555
418 5537 4386 5943 1339 8715 5962 3266 7901 9631 8178 6767
419 9063 4240 5936 530 8810 419 8751 9578 6706 4297 8816
420 7659 5776 272 6242 3236 4565 8128 898
421 7049 639 609 641 4541 6425 9638 3468 133 7694
422 4493 4893 4991 2464 3886 7697 2229 5994 1457 3017 5665
423 210 9291 2588 3590 9005 8029 1920 109 7268 2750 5981 3194
424 4664 482 3730 7050 2188 4384 5986 995 3354 1677 6919 6490
425 5308 7739 2759 2191 5852 7055 8427 6702 5056 5213 5658 1871 8092
426 3977 8852 4418 3203
427 2123 7992
428 7213 3712 1344 1652 9690 969
429 2245 7967 2622 9803 6044 4148 3285 4970 6140 1480 5685 5590 3202
430 4352 934 4456 3498 2485 3966 6549 4013 278 8513 1728
431 1417 1432 7355 8766 4805 9303 7556 3110 9664 3671 3097 136 7975
432 222 2787 9259 9216 8657
433 5964 574 1083 7719 5642 1961 2487 776 3810 193 774 1700 5347 8359
434 2338 8472 3399 3313 6074 8728 3176 8643 1077 5316 8771 9426 5555 9669
435 9710 9681 3344 3114 8463 6119 2454 8634 9767 624 5147
436 3961 4066 5161 246 1465
437 3506 1682 2030
438 2670 1447 6434 1898 4123 2219 6610 2602 4999 2190 1685 8074 5864 8677
439 5907 5574 6818 5953 9207 675 8468
440 1479 2553 7314 2107 2370 4112 9851 240 4887 7799 2788
441 7325 3473 1153 440 2028 3149 4023 325 8169 2805 144 4426 1674
442 2444 1159 8670 4648 5798 6527 8829 1573
443 3842 6848 1688 6677 5335 8906 4259 3383 7012 6773 9784 8548 1910
444 1168 5856 9351 9572 2256 115 2111 8608 6085 6837
445 7527 5766 5504 6179 9516 7339 7599 6799
446 2671 9072 2970 971 9826 7789 8091 9541 7522 4993 6860 5505 3950
447 1075 9187 759 7328 6457 5887 8018 6421
448 1201 9862 7487 4388 2135 4028 2624 8167 9024 8819
449 5036 7251 9265 19 7937 8757 2015 6274 4990 1642 8183
450 96 9383 4607 1921 2973 6079
451 8140 4345 7463 6881 7635 4792 5702 5751 315 4089
452 3015 6502 3736 4694 235
453 7721 2433 4335 9449 6253 5522 4935 922 4693 5973 253 3936
454 734 9194 8270 4408 7282 197 2528 788
455 1907 1815 5319 6440 9850 4138 6628 3501 6721 6354 6250
456 6918 2195 8992 1127
457 1562 78 4144 924 5072 148 2465 3896
458 1982 2783 8846 1305 7372
459 7609 6388 2850 7810 4221 1050 100 8984 1695
460 3847 28 3891 6705 1220 8200 3897 5040 9955 21 5913 4419 1655
461 1556 7624 8532 381 429 9667 8146 8980 4296 2802 4353
462 5508 3447 5720 3085 7852 9570 5195 449 1771
463 8052 7837 4218 9782 1497 8175 4590 7710 7488 8524 557
464 5410 5441 209 2835 2904 896 4289 412 982 5646 793
465 8943 7567 6915 6956
466 8804 9686 7332 9628 3037 2423
467 5867 42 8996 5047 1084 632 5968 5396 1060 6495 6251
468 6698 6880 950 3911 451 9073 4241 7827 5659 5682 7249
469 9526 3946 5917
470 2031 5155 358 8209 1498 6406 8147 9830 1786 2903 2179 6238 216 3480
471 1678 3418 8208 5899 7560 435 8775 2169 5726 3884 2550
472 1276 3235 3471 286 810 1954
473 3111 6622 5855 4095 3269 113 2430 5000 2145 7686 4325 1667 384
474 2936 8366 5159 5914 6488 8678 9278
475 7741 638 6545
476 3702 8196 926 2819 5342 1590
477 9224 2699 8782 7569 4897 4498 5327 9461 2965 1152 342 6213 979 3959
478 8897 5474 9172 5715 2484 5380 6884 7422 5178 3568 500 7829 5069
479 8610 205 3964 4818 1028 5859 3185 6088 4061
480 6320 9139 5705 8006 140 2642 6480
481 8878 9954 3333 6130
482 117 5847 7066 6529 5944 708 3949 4010 9057 1352 6978
483 1047 7597 460 6381
484 7499 8400 1102 5339 4875 9595 7797 3553 8418 5559 2620
485 3661 5517 5631 1731 186 593 9102 5637 1236 2440 4544 9380
486 5210 8717 3660 4624 9859
487 1230 7142 1466 702 6493 7740 400 9096 8035 7077 4772
488 1262 4553 6009 3041 6573 3021 3050
489 7452 2420 6167 5908 3216 5304 1628 3452 1927 3254 6894
490 8753 5832 2222 9022 8056 9521 5467 1517 9323 6542 2739 2177 9991 6428 5992
491 4540 9674 3594 2616 2461 7114 1802 2974 9098
492 4055 5448 9241 7979 3665 4163 335 1342 3014 4983 5789 6889
493 5886 9162 2938 3291 4769 3634 6053 9116 7594
494 1650 3811 9500 1664 9074 3320 6052 3741
495 7743 1036 9179 4655 3264 8741 8573 8892 932 6163 2019 2666 9080
496 5617 667 5376 5734 4929 1971 48 4718 9546 9904 6355
497 2342 6863 7840 5557 2872 7663 9085 2523 4491 4585 5544 9998
498 7986 3044 9592 4934 4787 8788 5785 2721 8249 1109 2843 5106
499 5621 7480 8362 3658 1597
