100
0 0 1 2 3 4 7 12 13 14 1809 23 2076 29 37 1191 681 554 944 2108 450 68 1107 4189 232 115 2426 127
1 0 1 2 3 4 8 138 12 275 23 24 154 5534 160 161 928 806 422 1958 321 65 67 2502 200 968 355 228 874 240 114 1912
2 0 1 7 3975 10 14 17 26 283 28 3244 7860 191 2367 1857 1737 1866 75 1738 338 355 112 9584 885 1021
3 0 1 2 6656 4 5 6 8 9354 15 7311 30 31 43 47 50 51 57 60 573 63 453 583 74 81 215 1779 118
4 0 1 1153 4 134 12 14 15 7055 146 25 26 28 36 41 51 3767 1085 5445 1482 333 849 342 1502 2027 242 126 7679
5 0 1 2 3 4 5 131 7 647 11 13 14 17 26 8480 3878 934 39 41 197 73 345 116 245
6 0 1 1410 3 129 7 8 138 3724 141 19 404 9749 148 37 174 4529 50 728 2264 1502 867 100
7 0 1 2 3 1665 5 902 6 8 9 1290 14 1039 18 154 31 36 168 41 2989 45 67 71 583 7624 977 725 5974 3935 494 116
8 0 2 3 6 1290 12 3725 14 8080 17 921 35 3626 816 49 4535 58 703 82 3666 1495 91 604 225 233 749 110 113 1780 120 378 892
9 0 1 2 7 9 11 24 798 36 1318 46 573 2500 968 202 87 1635 228 246 122 254
10 0 1 2 3 4 6 16 159 31 4642 803 4387 5667 549 5926 7726 182 63 6868 94 95 609 878 370 5747
11 0 1 2 4 5 519 3849 10 401 24 154 31 418 806 554 5573 79 90 98 4455 505
12 0 1 3 1155 389 5 6 7 393 11 16 29 1310 1061 166 44 45 1199 52 69 199 1867 87 869 2153 623 368 113 1263 383
13 0 1 2 1924 5 7 136 12 15 919 24 29 41 51 1869 1229 2384 852 2264 1888 8687
14 0 2 3 4 5 8 137 138 2316 141 4371 22 1687 27 31 552 435 1076 580 478 356 101 243 254
15 0 1 2 6 7 2952 8 9 11 12 13 274 24 549 41 44 1581 2491 2763 977 85 90 96 618 3198
16 0 1 128 3 14 3471 142 19 164 41 2857 45 50 438 58 2491 64 3011 606 226 8699
17 0 1 2 6 139 12 16 17 6049 930 3122 2614 62 65 195 5450 84 3030 1622 352 2171 2300 127
18 0 1 3 4 6 9 138 5006 15 399 17 18 28 801 290 6691 36 40 301 176 49 7984 70 454 583 601 862 1010
19 0 1 2 3 4 7 8 138 13 1428 28 29 33 1572 299 3244 176 3001 831 708 74 4310 482 240 2546 1142
20 0 1 2 3971 2566 10 11 14 17 24 154 9755 155 2335 50 438 56 3516 318 63 79 2642 2772 738 121 4476 9087
21 0 1 2 3 4 771 7 138 13 399 15 917 27 28 32 37 552 199 2381 3550 106
22 0 1 2 5 6 7 8 12 13 18 24 426 180 1461 709 583 1737 3156 95 111 369 500 1279
23 0 1 2 6 13 141 16 530 19 21 26 32 4651 176 49 56 64 4291 579 708 70 583 201 2382 5227
24 0 1 2 4 10 11 15 17 18 148 802 1959 41 51 52 309 1334 7484 64 708 7493 5078 222 9831 5618 5117
25 0 2 3 4 5 6 7 8 9 11 16 17 20 26 33 165 37 48 60 63 80 464 2770 2522 98 230 5482 505
26 0 1 3 4 5 133 7 135 8 6 138 140 16 1425 28 1056 933 60 445 600 1257 108 496
27 0 1 2 3 4 5 6 7 8 136 10 11 901 145 19 155 39 46 2627 708 71 74 204 241 9334
28 0 3 10 138 532 1557 4374 9495 5526 28 33 35 36 165 167 173 1585 5428 2486 55 700 71 76 90 482 255
29 0 1 2 3 4 5 7 138 16 151 1688 30 805 51 68 2506 78 3929 1637 869 381
30 0 1 2 5 7 13 8334 17 18 531 31 34 301 56 59 4420 74 719 2386 2010 223 2660 126
31 0 1 2 3 4 5 9 9848 16 8473 27 423 554 176 3000 61 449 2371 71 342 2424 123 124
32 0 1 2 3 900 9 13 18 4884 33 5415 691 66 196 70 206 208 9174 94 1248 97 102 1271 120
33 0 130 3 5 905 10 15 151 7328 2339 37 40 51 53 1088 203 81 216 89 232 110 7918 243
34 0 1 6656 3 4 5 8 141 6166 23 24 22 923 38 9512 46 309 2615 311 61 68 1737 74 78 84 2142 99 487 620 251
35 0 2 3 4 8450 6 7 8 10 11 13 14 3215 15 20 405 22 21 24 665 4765 32 307 696 1721 57 5823 448 855 102 1395 121
36 0 1 131 3 1029 6 522 3600 1047 151 27 412 28 3358 38 61 318 195 199 2890 721 84 220 237 3447
37 0 1 353 32 4 3 162 7 104 904 583 1292 728 16 1713 15 56 25
38 0 1505 1 3 227 249 832 4 40 2 43 18 150 24 89 348 7677
39 0 1 2 3 387 5 6 7 1929 3213 270 17 18 1947 31 675 4267 47 54 60 3389 212 98
40 0 1 2 3 6 5514 11 14 527 16 15 18 21 152 295 943 560 54 66 71 80 92 9825 99 2153 110
41 0 1 2 3 4 128 134 10 11 140 19 283 163 554 3248 49 2868 437 54 190 1632 481 112 7161
42 0 1 2 641 4 4354 3 5 8 40 6 37 9824 535 861
43 0 1024 2 4 5 6 264 10 14 16 405 23 25 26 31 1572 38 40 9770 61 193 199 2377 461 1619 7770 1116 361 112 125
44 0 1 2 5 16 147 148 277 6937 158 31 4127 3870 1310 428 48 187 60 62 191 6224 7252 732 98 117
45 0 1 2 4 645 9 12 14 20 6038 32 6304 1571 46 184 569 3898 59 64 68 2381 78 79 113
46 0 1 2 3 4 5 6 9 10 11 14 15 18 152 158 2208 8743 1576 552 52 65 1091 69 968 1098 98
47 0 1 2 3 6 3975 9 16 3476 3348 23 28 7202 37 299 45 54 58 68 70 8909 8912 1109 217 474 623
48 0 1 2 3 2179 4 5 8 9 10 14 3730 35 43 45 4912 52 61 577 330 87 3292 1901 1906
49 0 1 2 1028 5 1671 8 9 778 14 1038 151 31 32 4260 37 48 945 1465 60 63 65 583 586 4557 1494 8151 3684 229 109
50 0 1 4 6 7 8 9 10 13 3475 24 3097 29 287 56 65 4547 968 4309 472 4701 5603 1015 1402
51 0 1 2 5 6 8 138 1035 780 14 20 155 1063 297 7211 180 185 2620 9165 468 345 93 225 487 1383 127
52 0 1 6402 3 261 5 137 9 651 18 20 1954 8868 36 46 59 326 336 337 1366 252
53 0 129 2 4 5 7 8 9 10 12 16 18 665 27 155 30 3102 39 40 3369 941 1869 3406 79 467 5603 5860 8423 1004 876 4977
54 0 1 2 4 6 7 9 10 14 16 2580 24 155 290 4259 424 48 440 204 214 731 355 869 3054 8176
55 0 1 258 2 5 6 8 10 12 656 145 19 20 7701 22 797 30 554 43 4148 829 967 1737 77 2272 97 2153 238 2033 113 127
56 0 1 34 67 99 225 2 5 610 162 4 3 6 968 2033 25 2138 2076 31
57 0 1 2 5 6 7 3976 9 138 17 19 22 24 27 4766 30 4911 50 7881 2384 89 3689 1003 4723
58 0 1 2 128 5 6 903 8 9872 19 20 21 22 27 41 43 46 68 7123 87 355 107 621 1263 120
59 0 1 3 133 5 7 6 12 2188 13 2583 152 24 155 29 43 188 1098 86 873 878 1655 6138
60 0 1 2 3 5 7 7559 6670 9230 16 1041 20 26 42 300 303 48 2610 61 1093 71 6729 6261 766
61 0 1 2 67 579 36 6 709 9 170 10 11 110 47 1070 81 51 52 27
62 0 1 2 3 5 6 12 14 15 2191 17 37 172 301 697 333 8017 2389 1624 1272 126
63 0 1 2 3 5 9486 14 17 20 3097 27 6428 28 33 41 1321 298 559 183 316 5313 451 68 208 466 84 1624 1131 110 3054
64 0 1 3 4 5 16 20 408 40 174 48 312 75 2642 87 1495 859 2398 7651 1638 236 111 126
65 0 1 2 1922 4 2944 6 9 138 11 16 1427 20 6303 35 40 176 1981 64 65 68 464 97 235 252
66 0 1 3 5 1671 9 10 138 14 18 3097 291 38 54 56 72 844 79 214 3545 349 2653 224 1506 739 1260 111 118
67 0 1 2 3 4 5 7 1671 9 3853 659 20 1174 8728 7320 795 5921 35 3767 186 67 68 3401 1226 92 7007 3554 98 115
68 0 3 4 9219 5 8 14 15 18 153 7451 27 1310 63 64 72 1229 595 85 93 1250 227 111 371 122 5245
69 0 1 2 3 6662 6 1671 11 14 911 3215 401 17 6165 29 2207 33 2725 1193 3247 50 53 8271 850 479 1759
70 0 1 2 4 5 8 10 138 16 18 2454 155 29 34 37 47 59 60 966 4304 855 599 2780 1501 93 504 507 6269 254
71 0 1 2 3 4 5 6 130 8 9 14 16 2591 44 45 46 440 701 2513 2647 479 5091 111
72 0 1 2 3 1032 8 14 23 2328 155 32 34 4132 168 681 60 6845 192 711 7241 96 227 6121 106 366
73 0 1 3 10 13 16 7056 19 26 160 44 49 1077 56 7866 3649 3530 76 206 80 101 239 624
74 0 1 2 4 5 262 263 8 11 14 143 3097 795 2848 35 39 424 554 46 310 581 4421 458 1484 1495 366 120
75 0 1 2 1283 4 5 6 3 138 15 16 27 28 32 33 48 69 582 84 469 85 2264 89 479 608 999 112 3067
76 0 1 2 4 390 7 777 10 1675 12 11 2446 20 24 42 5168 56 708 7749 967 72 968 4061 733 4588 113 2419 4345
77 0 1 2 132 4 6 7 9 10 16 17 404 23 24 46 49 56 1215 320 1114 224 1122 229 1127 4594 115 244 2933 4347
78 0 1 3 5 6 8 138 2571 16 279 160 6432 35 4134 39 168 426 3756 430 60 78 98 379 1148
79 0 1 2 3 7 8 9 10 15 4625 19 23 3738 162 548 4773 175 54 5817 441 329 588 476 222 870 104 3184 126
80 0 4225 2 3 4 5 7 9 2063 17 19 9876 25 282 1307 29 37 47 53 66 708 79 726 6624 1895 366 2035
81 0 1 2 3 4 137 7691 14 18 20 21 2325 151 2848 5921 290 37 38 686 53 320 6481 119
82 0 1 3 4 677 5 7 679 9 1384 843 11 13 9837 16 17 1170 23 1623
83 0 1 2 3 5 7 1416 9 12 17 25 26 155 31 47 51 204 3662 83 104 492 108 7406 4204
84 0 1 2 5 7 9 8719 19 20 8601 25 27 28 29 177 308 54 188 63 3532 3173 618 234 621 240 115
85 0 1 2 3 4864 5 6 7 131 9 140 144 534 918 22 25 5789 159 32 35 550 170 43 465 83 1253 6381 2165
86 0 1 129 3 4 133 7 21 28 31 34 3364 296 9514 46 303 308 64 72 75 203 726 6628 4589 756
87 0 1 2 3 4 35 101 8 11 45 16 1427 1972 277 21 55 1112
88 0 1 2 3 5 6 7 266 20 21 22 24 27 29 6302 929 554 3755 181 6354 467
89 0 1 2 5 8 9 11 9740 15 399 19 20 35 423 42 5165 3506 317 4287 968 77 476 6882 378
90 0 3 7 8 9 10 1290 406 23 155 4508 28 1188 40 42 53 56 64 708 585 329 463 2001 7899 101 237
91 0 2 3 6 7 10 17 145 401 20 2072 284 5163 49 817 51 52 1589 1975 68 3784 3675 859 98
92 0 1 2 4 8 9 12 22 25 26 154 28 297 42 64 9161 2378 88 1501 227 869 6769 242 757
93 0 1 2 4 6 7 9 10 11 12 138 1290 17 3099 549 2600 43 3632 48 52 1589 185 597 725 244 3706
94 0 1 2 3 5 6 7 9 394 8970 12 1296 18 30 158 32 34 39 59 61 2625 68 6607 3677 743 1915
95 0 1 2 3 5 6 9 12 14 4247 24 538 5661 30 799 160 7585 2848 2216 43 4911 439 57 197 5451 339 211 483 753
96 0 1 2 3 4 5381 520 12 6924 15 26 27 285 30 34 163 57 71 1495 105 368
97 0 1 3 4 6 7 18 7189 21 24 29 32 673 38 47 54 85 727 96 225 1263 120
98 1 3 4 5 3849 1423 15 16 18 919 2712 25 26 33 38 307 51 62 67 3271 1360 1634 4711 1645 1263 3064
99 0 1 2 132 4 8 9 12 14 16 17 18 21 1301 26 34 39 50 3894 184 81 722 1365 86 4055 7641 867 110
