100
0 281 180 1368 34 505 104 4227 709 4040 3053 6614 8949 6779 4048 6052 949 6045 2334 138 2594 177 2482 1009 3160 1725 451 5246
1 6
2 7 16 1706 5797
3 40 141 8948 6166
4 25 1623 3689
5 1966 116 2498 1209 168 3881 2478 599 362 8044 1648 1541 953 937 2151 3513 3110 5278 8015 6797 361 285 622 1185 1352 5782 1030 5865 3123 2232 9306 731 4343
6 585 399 715 1073
7 38 848 4752 331 66 1100 1021 7367 816 1207 270 102 355 1811 1579 2751 1136 5795 2247 1235 880 1035 9225 5617 819 3243 1116 3417 2268 1388
8 63 240 2769 1345 1225 160 411 984 2960 212 3266 295 1137 574 4152 9262 283 9085 767 265 2928 3179 6555 1588 2622 2491 468 1735 815 3932 4316 2627 2171 261 4517 408 7537
9 293 1756 938 2652 101 9442 1449 2024 3559 4240 758 115 5605 4390 5371 2730 2397 525 1312 4459 626 808 7876 352 4421 3456 2013 2157 311 2831
10 8 56 3430 3252 103 93 1361 5170
11 11 100 2052
12 1 94 99
13 4 233 1677 1967 152 2579
14 74 807 1315 3548 151 87 6662 706 185 3950 1709 450 7791 417 9843 291 1278 191 846 524 4244 223 5791 1015 2746 898 3632 8055
15 47 6025 1503 92 539 3400 1053 80 497 700
16 0
17 2 454 186 5893 759 4278 1710 346 3900 665 3274 7818 2202 3735
18 1251 701 2128 546 7593 204 1481 979 421 1973 1082 790 7182 533 3751 595
19 67 1119 194 245 775 8150 5990 2266 1072 981 236 345 9134 4063 2193 9768 7463 3797 8006 746 9718 5108 7893 3119 3573 3563 1212 1666 2380 961 2444 5167 4120 3203
20 26 148 1290 2979 1039 9798 712 7606 935 206 1005 9562 379 336 1168 3317 1919 989 5001 805 3535 7748 1886 4984 1638 3604 4662 1052 1698 998
21 50 17 5834 885
22 96 49 442 462 173 822 6731 584 230 133 2045 843 354 3009 2000 9425 6747 1805 4117 166 3211 459 353 1496 1310
23 1156 53 1152 1105 2664 126 4211 5999 193 6661 253 3989 5604 3158 947 4482 1087 4001 7325 3839 7316 343 845 7027 1413 237 6684 2169 851 1424
24 32 391 108 2431 2282 1913 6348 8702 5566 9742 2451 1075 635 1406 7815 3006
25 109 2546 342 9677 409 1293 463 249 226 1490 1859 757 952 6943 1126 2494 5532 425 2737 241 400 3262 588 1637 4911 2947 8243 6813 3251 3880 1482 6115
26 39 157 519 8629 941 144 3293 890 139 2413 5196 2460 488 908 302
27 119 29 601 60 286 5812 2148
28 2882 1150 1865 217 1000 842 1741 557 156 2329 932 318 420 4271 4364 576 2254 8766 262 2965 7062 6149 735 860 4281 2414 4857 552 1917
29 4848 170 1590 485 1576 246 1748 2096 509 279 671 1078 424 887 1351 1803 5667 551 3715 2681 320 8486 4044 1214 840
30 2385 612 234 517 1401 418 184 9295 6450 2156 196 2967 1754 6696 1963 8938 8427 163 5417 707 7774 492 4801 8241 4597 446 9872 1596 3660 582 2112 3759 1038 3536 5403
31 1054 73 590 2078 799 1506 544 1140 85 9607 374 338 493 978 697 4657 653 791 6284 1370 1337 4809
32 5 44 402
33 31 6697 91 3699 602 8488 7387 5294 3790 188 940 2233 980
34 3140 412 514 594 363 6130 371 2469 2430 340 198 5084 1921 776 333 3949 5490 4995 487 1620 2184 827 2126 2227 5178 4619 1414 4864 1391 2292 5562 1575 1891 2612 4380 1942 2941 2787
35 8973 297 646 9957 235 7970 2239 1909 344 471 836 763 1504 2516 3560 2581 899 140 478 413 1767 3923 738 1842 675 4435 3126 4551 8450 8315 4207 5158 3020 2371
36 406 1027 328 469 1127 3730 278 4051 561 714 5361 513 5005
37 303 118 5222 948 1296 4362 1446
38 68 30 1456 172 971 5165 1123 1065
39 322 189 796 632 3813 750 2688 879 192 393 678 2990 439 878 3983 5634 452 1395 2222 613
40 3
41 456 4859 136 372 3017 4618 8586 1511 2147 7672 916 298 7559 266 3975 6748 1262 1572 4850 2373 6677 530 1877 367 1034 2119 1497 1211
42 62 247 5154 210 214 250 280 516 669 9519 1058 490 284 7347 1729 1514 4408 2228 4225 491 9561 1489 6398 1880 9749 441 1611 748 2344 405 9701
43 21 1434 8512 251 1353 6094 327
44 10 332 5014 164 72 2091 1610 202 1051 256 2951 4089 6044 2575 1826 162 2196 146 650 1213 2785 1106
45 861 51 37 209 232 135 2968 655 6785 337 1008
46 651 13 112 4370 3003 443
47 2132 375 511 3056 1582 131 2791 8428 3946 3175 589 818 1635 120 3654 1515
48 33 3684 5728 2863 366 3692 124 4821 1371 2825 8616 1260 2920 2988 315 1653 6336 300 8326 357 9433 5547 389 1344 3825 4476 3019 1765 461 6227 1510 1554
49 272 1959 42 64 3236 259 483 5221 4164 529 316 969 4613 1363 1782
50 19 6755 866 54 4659
51 9234 8783 213 4705 597 788 4606 288 78 966 2410 1728 159 1989 2420 4847 383 6237 1224 3586 1417 1848 3924 415 3824 307 623 1491 1602 7694 1692 3634 2633 3218 1012 3734 5031
52 225 229 384 239 1601 4025 6514 6001 310 753 2190 3761 2327 5625 1950 2088 381 2702 467 397 6171 689 1465 2720 2818 2165 271 2345 7895 593 859 7307
53 114 171 187 2262 2473 3828 324 70 1758 3164 946 61 760 1566
54 2684 1389 5020 143 448 153 197 437 723 780 793 541 1721 628 8692 962 404 4757 1867 2291 2087 3424 721 2644 571 2240 2638 2650 854 9763 1568 881 504
55 15 301 309
56 6031 5429 380 398 3500 2983 1985 1097 195 481 4452 190 680 6630
57 82 5724 83 378 5801 5688 1442 254 2961 2456 231 221 2609 1699
58 55 89 4104 5850 1378 550 1866 2986 4685 134 8076 4474 3768 1902 6604 2619 4133 909 936 224 396 6571 4895 294 1587 4596 2593 608 8355 1700 8806 3773 4539 6756 4788 4417 3516
59 9 65 167 323 769 1011 203 725 8601 6408 3843 6238 2187 1429 1264 2295 2479 902 2980 1412 605 4184 579 2692 8146 5173 5459 494 535 6676 702
60 123 676 656 5641 2973 6234
61 2883 619 69 52 7591 1044 9678 215 1626 545 8672 797 444 480 2134 5431 804 4674 9311 339 7546 6979 6338 3135 5186 2545 3059 855 4885 4968 537 4648
62 1583 3915 169 216 510 3488 211 7195 359 7481 1627 5546 766 7181 6226 803 9208 5507 6831 5931 982 869 1275 521 957 777 4146 1570 3858 3345 858 3429 7734 2143 5296 6955 662 495
63 4630 8444 906 3676 97 2738 125 470 7924 853 2191
64 22 161 243 1428 248 2859 7797 465 3358 2611 1509 633 6820 6126 664 5689 9359 2433 772 377 7986 2904 1894 4838 2507 1993 1333 1876 6423 3016 1408 1190 1988 591
65 1863 1956 36 503 8401 200 6205 7122 222 862 3769 2894 1257 1628 3420 2436 335 6913 6629 740 652 3033 299 6074 3151 2897 1268 482 8901
66 1042 1438 107 422 276 1402 3700 2568 429 5120 1828 4162 6480 611 3648 606 4319 8116 4350 875 1452 2142 976 6558 8688 7658
67 14
68 12 2135
69 762 1593 1499 1883 427 388 1279 358 8180 3561 756 3520 6767 2177 7231 1061 8004 6169 3710 778 2551 1107 1696 1522 486 4964 3249 708 501 884 489 3499 699 2662 1197 679
70 2458 2683 9566 4241 1837 181 2759 321 1165 7473 2634 3661 688 2524 752 5539 4798 592 629 1122 4875 1673 1320 2298
71 2360 364 147 255 698 130 304 506 4032 1288 507 6329 5803 6064
72 3038 724 2218 755 313 2094 477 347 356 502
73 23 137 9547 111 2878 110 1311 609 6359 252 4680 7702 637 1232 1495 1845 5479 751 382 3528 1562 6504 4151 9794 1516 6410 2860
74 264 142 435 3502 58 1332 992 2522 1026 5792 2048 914 6097 314 4325 431 9360 3943 1906 4514 3895 610 825 242 841 150 4930 3178 2356
75 20 71 768
76 43 3228 27 455 128 3279 556 305 458 508 691 1342 6288 683 542 577 3357 5805
77 8733 244 433 81 4138 5350 207 1130 2657 499 2517 273 2942 447 8466 6745 2378 3603 658 1888 9355 9710 5872 289
78 1948 3324 46 1686 4477 8114 3796 1697 719 567 1271 325 1407 292 457
79 500 98 227 351 1121 79 538 837 267 2527 498 1459 636 8244 2886 5520 733 673 532 1823 1020 3257 472 4840 694
80 268 1595 2062 3784 4858 1815 553 365 2795 1932 2415 1991 1824 8272 349 2836 2059 4942 3301 1217 641 4908 5052 4824 2812 390 3433 1195 9335
81 18 105 645 975 960 182
82 258 8365 625 1210 621 659 275 1979 145 8875 9471 7433 334 369 4478 7981 2739 348 1300 6043 5882 460 7064 1983 798 3594 566 1218 6467 1029 2114 674 1177 2538 1358 1266
83 28 2195 287 7687 2014 59 7287
84 1372 395 817 1233 57 587 1089 5597 4096 154 3222 6523 1080 2542 1269 926 6354 4761 1147 1624 9952
85 174 95 219 951 122 90 176 6729 2065 912 201 2562 1393 9609 666
86 2051 238 77 1896 9041 1340 3354 199 2019 4971 1861 260 436 997 1975 5773 3969 2005
87 121 24 257 903
88 45 672 1591 2475 1571 527 178 277 2423
89 2221 1757 218 2987 1318 726 3526 3137 6087 682 8579 1201 4793 3894 2377 847 943 1193 466 7584 2182 220 596 1172 782 3340 1255 8790 6243 1036 2210 1734
90 419 88 6137 7718 1752 476 1074 6012 3223 1071 6160 4479 2209 1808 3814 8461 1110 1776 4329 7266
91 663 8088 84 2665 5275 48 2477 407 4148 473 414 6018 739 654 6005 1746 228 970 1066 534 1091 2591 445 8585 1474 438 4581 1166 644 7135 1567 7600 8438 4131 2020 7086 919
92 475 165 2696 549 1841 401 9906 4361 581 3349 2805 3659 1362 1314 945 1334 1062 5519 2067
93 35 129
94 3458 830 1663 554 7971 900 6424 8103 7590 2576 4299 1788 282 1783 1142 5909 7956 8729 7040 1246 3815 2913 1882 4625 2819 1750 5207 824 1216 743 764 9793 667 4157
95 779 891 2098 76 9493 742 8518 86 319 392 1377 308 183 562 5774 963 6147 568 580 3893 2348 1679 5161 4238 565 4791 9017
96 41 350 1099 2212 9357 6438 360 158 1461 127 296 1272 4632 4914 330 290 329 727 3013 4088 5447 4560 523 2330 2251 1607 2099 5195 9019 4511 5620 3941 2643
97 117 7777 5778 5731 1017 928 3879 6847 113 9593 3044 559 528 9203 2745 132 3753 3704 306 317 670 1478 1258 1992 1002 1938 4301 3397 4928 4947 770 5065 6102
98 205 1487 106 179 410 1658 175 5748 6400 5645 6201 1636 1672 9782 7243 6546 649 1736 927 434 915 1161 6927 341
99 1843 2706 75 933 7497 5197 5863 4552 1889 155 1702 5160 2163 8767 1693 747 2337 208 1014 2301 3161 1688 5233 930 6425 7234 149 6037 1274 1608 809 1530
