500
0 2962 221 4884 2489 9283 1339 952 9965 2070 8706 7508 8582 6283 5368 9627 2294 3512 449 2522 2208 4494
1 2962 6196 6692 3728 8450 3243 7198 2661 1445 4803 4429 6685 3047 5489 7452 5649 8077 2468 3691 4423 8697 5193 4268
2 79 3106 6161 8651 8919 5406 2740 4984 2025 5912 4669 1675 2464 474 9831 2447 3680 5229 1600 5531 7598
3 321 8209 6922 4985 8832 2013 6970 4730 4349 1521 952 3648 39 8849 7342 4082 3354 7027 9442 7265
4 5715 8140 8528 247 7670 2693 6752 487 3072 8922 5981 9681 8732 1955 356 7071 1935 4420 6632 4970 4987 451
5 6938 369 1328 1510 7634 2005 9545 513 8712 921 1351 7807 494 7517 6819 7197 1561 1275 7193 6430 8478 7482 6699 3743
6 9007 7545 7852 1658 638 4354 1051 4527 5099 5286 8506 2343 9884 4954 4174 9610 5263 4405 6752 5229 9145
7 2240 399 9545 5783 5239 8028 3229 4878 1478 190 8348 7024 3176 3656 6067 7659 7063 2985 449 8557 3192 5466
8 5715 2986 1391 8218 8900 4418 5553 1195 1971 4409 5124 5894 9783 868 8007 201 1037 9079 8997 2951
9 9968 4824 7429 8775 3146 6028 5746 872 7254 3005 399 3371 1579 3446 3897 1851 5275 9036 3776 3777 6576 6600 2674 9303 7861
10 8994 2182 730 183 1465 3023 4043 1538 4834 1345 1389 6479 8306 8716 4901 6623 9783 6266 2971 1571 4734 6632 4791
11 2288 1375 6021 3914 3207 1009 4907 6903 5468 6702 9124 5271 6346 6300 1606 2021 9758 8755 3490 1341 1064
12 6938 6986 9114 1572 6460 6149 8267 6285 7363 2223 6257 2962 8523 5003 5739 6515 1469 8025 2887 2975 445
13 7153 9043 1552 1736 2577 9990 5802 6244 1042 402 8562 7399 5098 7679 2265 8680 8183 1439 1979 1699 7969 2918 2163 3720 3491
14 5412 1454 5860 3491 61 2932 4815 865 1878 6941 9898 8810 1255 809 2578 8803 7563 1055 37 6628 3044
15 4199 9197 6982 1555 770 3195 858 3681 7310 5085 9569 5716 9624 2240 6104 8924 4393 880 6892 2361 2078 5654
16 3936 838 8406 1728 5898 1962 1330 8658 6423 1888 8360 9476 3700 4905 134 7130 3629 3395 6450 5445 891 1814
17 427 1383 7077 9548 1479 3520 2095 2753 3016 9791 1993 6825 7511 3488 9369 6638 8264 984 6478
18 7652 9659 3432 912 3119 30 3102 861 8499 6799 1889 9877 304 966 5237 7393 355 474 6920 1960 1451 8111 9545
19 3877 9931 1150 4230 4958 5660 1105 1292 8814 4300 9560 3679 8752 1156 2816 9188 4659 7944 5091 528 4628 3736
20 2986 7806 8049 9551 7899 9211 742 7826 8609 345 4799 347 9159 9367 6809 3986 211 5434 3853 3715 3084 6979 7561
21 3012 7088 6549 552 7485 2951 2604 3552 6899 6962 2227 6729 6060 141 6306 8896 5674 8797 779 1852 86 5450 7825 5631
22 1668 7320 9795 1042 9842 8015 1641 5676 2323 9843 3806 722 1208 6370 3318 6000 4688 120 2412 4498 8928
23 3982 6404 8345 4884 5138 1241 5219 2884 4755 9842 771 89 1867 6619 8684 7693 3225 9449 4423 4760 6001 3659 7808 7773
24 9968 1121 3665 802 2792 218 5747 3199 2552 6144 4299 1351 950 2784 1103 8520 4879 3270 2937 1287 3286 3994
25 9533 1668 8183 726 2797 4639 5408 3553 5565 790 7034 6941 3468 2176 9736 8492 2144 2878 4266 2701 3285 4847
26 6613 5788 208 3842 6305 1429 3036 7233 3982 9404 5300 3028 633 7626 5945 1049 888 8005 4476 8934 5521
27 2555 5326 8994 7795 5580 3032 8022 4442 7146 9412 465 1086 2438 6808 6674 8535 7814 1498 4892 7597 6350 1905
28 321 5412 9940 925 7586 1009 3819 700 9085 4614 794 3970 278 3363 702 7767 4899 4823 2878 4994 2142
29 5412 2052 7379 3236 5214 6909 862 503 81 219 358 5896 5385 4249 6425 5814 8107 6268 183 7121 1320
30 3894 5788 8484 7126 1705 8005 4619 3699 2630 3652 9964 9228 78 928 6772 9707 2096 7779 2635 8673 2075 684
31 935 443 1580 9075 6615 1642 878 7239 1873 1436 5264 2160 1787 211 3612 5004 466 4385 7172 6690 2004
32 7949 8209 3961 2001 654 2923 7135 6418 3745 703 5122 5167 4871 2697 4264 377 8315 6594 4062 6367
33 9244 6082 4011 4313 9822 2538 9351 7829 847 5247 1176 9944 8044 293 6212 25 3468 7805 973 4781 8258 9914
34 1774 5507 6765 2212 9933 802 5494 3578 9175 3889 8345 1784 2673 6131 5795 9521 3086 3079 9826 2776 608 7464 5732
35 2643 7949 7289 6250 1139 8212 9409 5062 8452 9609 8040 4129 1181 83 3569 9939 7917 9350 3993 6658
36 6938 6360 2929 8881 1916 6770 4684 7598 2209 4277 7425 4930 8966 2882 2863 609 1148 3822 6829 6602
37 7413 3240 8293 3103 5887 4342 9757 1343 4027 875 8722 6990 188 8967 6043 976 4271 2327 7962 8222 7244 4993 7096 9736
38 7438 3427 7153 4437 332 4210 8465 5105 5740 7821 9048 5673 6892 5796 8987 2697 7445 1786 3742 3332 2711
39 4199 707 4176 4948 6024 6584 4893 1779 6343 8419 2206 4439 3880 9137 8296 2683 7498 5385 8592 10 5655 3580 6368 4527
40 9545 9848 1375 2198 9586 949 2900 7400 9404 4783 6260 2925 1625 3758 1004 2005 834 8828 9998 8676 1446 9672 4169
41 7762 2615 3982 2412 7641 1071 9764 2924 3802 4308 5719 5696 66 6051 7633 4407 7040 7686 2039 8335 9130 2445
42 3936 7968 4463 5471 7622 8716 732 6617 4824 5444 9013 8345 7550 4096 3466 1257 5192 7103 5913 9354 8034 7429
43 2121 3509 3720 9470 9545 5526 1931 183 8342 8593 3163 8887 3476 8752 6643 8205 2805 8630 3104 5386 9539 1270 6000 7970 6826
44 9842 8920 4035 2760 3053 2736 7369 1569 8855 9501 7433 9750 4254 4558 135 4665 8316 6992 1706 869 1871 6001 3728
45 7699 1348 1657 2028 2088 5171 4151 8371 1523 1623 9834 6381 1813 1832 4881 7894 7920 4341 5034 7884 74 5088 8726
46 8005 4639 7367 5095 7219 3926 13 3433 7165 122 6656 9920 4777 5330 9592 256 4025 5856 3401
47 2340 8794 7771 7101 2000 8601 7078 1140 1290 6672 2123 2302 4357 2022 3621 6044 7869 4737 1468 2441
48 979 9842 1401 9800 1287 2155 5443 7652 2542 6617 4944 9944 311 7284 7991 6116 4575 4011 9424 5157 8635 7657
49 9545 1560 8600 1430 9751 2650 5566 8081 9063 7399 4569 1205 6924 5199 4714 7997 3003 6357 5029 1782 4124
50 7883 6534 3750 8233 6625 6376 8776 2147 4596 2104 8441 2315 3653 2002 5679 6486 3687 2043 3603 9222 5180 454 7711
51 5762 420 9991 450 9806 5961 4771 1292 5391 5189 2032 5162 368 3717 4629 2036 6921 7097 2960 1480 3043 8568
52 1984 8907 1476 9565 8195 5846 8169 5362 126 1381 2326 9619 5637 4449 2168 379 9101 4993 7292 9115 6362
53 1534 5821 3380 3113 5194 1702 501 4643 7665 6075 817 4527 3454 6375 5178 7072 8628 5593 9541 9488 1128 51 2740
54 4020 9931 155 6226 3707 2990 3623 4151 8519 8279 8844 7703 4921 1839 9088 7133 3583 4532 1641 5121 1431
55 6827 4539 867 7606 6671 7392 946 3149 4709 5086 3948 244 2211 6898 5287 2628 6124 4272 1917 1696
56 3074 3077 4647 1852 4855 3675 469 2994 3750 4034 4219 2740 8840 1874 1177 3417 6920 9788 5034 6940 770 578 9852 2454
57 321 2847 8994 6336 971 3053 987 934 8388 5193 5869 9881 4220 2520 5470 3086 9227 3160 6091 2911
58 7762 8618 9795 935 3665 7725 1259 6997 9133 2116 3601 9602 5280 9850 2891 1282 8733 3701 7565 5463
59 9848 4787 2346 5583 663 8733 4036 7972 654 4698 4361 985 1666 7542 4577 6324 1472 3254 1271 233 3231 5417 5351 9357
60 745 5715 2986 7285 1555 3254 5492 2452 1142 4527 7585 4284 5925 9215 7088 1944 9285 2592 8903 5242 4036 6562
61 8387 6635 4855 7219 4843 5910 5492 647 4925 6576 613 1216 2568 6193 2605 8236 7613 7973 866 6462 6931 9554
62 3982 4624 7791 8223 9464 2265 5467 3989 8188 2595 4209 2306 7000 7564 415 6925 4391 3412 5855 3084
63 3877 8069 9991 1607 8217 9807 2790 9080 3428 822 5825 7590 4816 9037 202 8851 8105 2459 1698
64 8125 8140 7861 8210 759 2651 8684 2008 8071 6759 3313 5985 9865 5873 7689 2233 1053 7262
65 5507 3964 5122 652 9666 770 3465 7210 7431 9381 7485 541 2417 3291 3900 7597 8319 6947 2524 9568
66 979 5677 4004 5245 3023 8109 7110 8681 7709 1227 1220 9892 6429 609 4109 2842 3961 7032 8762 4666 2169 630
67 7240 2349 412 9903 8831 232 6833 792 2335 6581 3895 564 7806 9252 1130 5388 502 5708 310 4170 4272 8641 3541 9842
68 4855 8431 979 745 569 5462 8375 875 8506 8723 1847 3506 5801 7746 1631 744 6005 5219 235 6413 3891 7152
69 6327 2260 7085 1238 4661 2016 8830 3566 2892 4241 668 6809 7227 4970 8351 724 6474 8690 2974 8378 2063
70 4855 6855 5141 3795 7653 467 3164 5688 5798 3808 7261 9992 4389 4289 178 926 7159 6291 7885 4444
71 5437 5386 7193 1580 2058 1496 5815 5501 6551 1132 4997 3214 9677 385 3457 5523 4068 9798 4413 408 4155 5619 8043 3435
72 2327 7204 1858 1554 2784 7178 2414 7772 1026 678 8793 1586 6954 8719 1 9604 7147 6256 1040 7300 6540 7116
73 3830 9979 5543 6696 9829 372 9598 6662 9026 7790 4742 5800 2767 2187 3856 6709 5078 3650 4160 6786 6332
74 6547 7845 9050 6511 6643 2486 8634 7622 9271 7501 5708 6795 4340 8044 6923 3790 7605 5644 818 2337
75 6692 7055 2192 3051 7039 7811 4420 5065 5719 7659 3120 250 2944 6789 7133 5083 4564 7934 1379 2077 7904 996
76 9129 84 511 5547 8671 190 4055 6417 9407 3521 4586 1496 4965 9921 4921 8097 1443 203 9507 450 6630 1612 6700 709 7749
77 4314 647 3240 2288 5979 3653 131 7756 3032 311 4348 1763 4622 2237 5553 4720 4377 3184 9013 2168 431 1506 4424 664 9345 8881 9021 9842
78 8134 2322 8092 3376 6470 2005 8939 6191 3987 6311 5326 1449 1391 2387 1118 441 2508 5062 5861 3848 5421 3714 4463 7800 3956
79 6258 2136 4021 8491 3226 4494 8495 7202 5322 6651 6412 6228 2368 3120 6771 9701 8118 5383 5209 6733 9153 4853
80 7296 5821 5898 3064 5155 6482 2954 6189 8065 9238 8210 9940 884 3756 1000 7527 4924 7374 1708 4024 7773
81 3032 5451 5383 1939 4359 6631 5848 9036 4941 8236 6683 6176 3250 8204 133 9559 1080 4857 7848 4896 4552 5207
82 8406 3163 5340 7361 7013 9669 738 9947 2158 8214 3147 2113 1050 6356 8232 3585 302 8770 6645 1308 161 420
83 1668 7012 9224 3172 8618 6785 1121 5097 2983 61 8711 2562 8503 9411 6429 309 3240 251 2531 1165 718 8158 1889 826
84 447 2288 5043 7795 4636 2247 5605 5270 1966 308 9688 8337 3032 3772 4591 5726 9338 5566 4967 8511 1831 4789 798 3206
85 5962 952 4071 3726 2578 6604 3839 7419 2647 3008 6470 6991 9030 4635 7336 2234 5481 19 2643 2511 655
86 2155 8671 774 4056 9703 3969 9498 8632 1667 9433 889 6547 9722 840 2137 1257 7038 557 4962 3351 5911
87 352 1979 405 560 6855 5885 8361 1969 4844 5630 4199 1888 8864 1250 854 6340 7396 8958 8014 8517 3075 4350 1117 9391
88 412 8125 2345 9637 5412 5643 3817 4066 2764 4785 2080 134 9200 6534 1260 7940 4497 69 3346 5215
89 7883 476 5921 1081 7713 7185 3409 8224 3061 4766 1642 7565 3278 6306 5790 3308 6888 3578 5082 5038 2143 6540 7447 1812
90 2643 7736 4060 5245 5869 7880 3052 5307 2781 6961 311 4949 3699 7884 6787 212 5097 2644 6487 4359 7270 3968 5040
91 2013 5064 7077 3371 3684 6071 4749 3708 8331 973 4963 380 9309 1809 5894 8773 4562 4094 9660 9768 5848
92 569 7519 88 8696 8068 4780 695 5922 7971 7230 4348 3998 1415 2109 6963 2790 8141 5936 9683 4474 6203 1134
93 5064 2773 6584 183 9979 6731 6683 3093 7141 1060 964 1710 2630 2064 8795 8896 6296 6825 4105 1465 2687 4807 6025 6286
94 6021 7240 2583 650 3958 3827 8486 3889 8168 2343 895 7572 6322 6095 3106 1224 1860 824 1322 6084 8941 8571
95 7997 4234 9013 5636 683 583 7526 4574 8106 1367 2837 7137 6075 6133 7197 5076 8455 8868 5788 9943 2571
96 7997 6187 7234 8078 9600 6748 5132 1405 2846 8894 3736 4234 476 789 1614 1918 2220 2186 6433 1100 4638
97 8431 4385 6949 2113 9137 7984 610 9238 2696 4372 9370 5098 9075 8832 4616 9440 6550 8933 9907 707 3010 9990 2089 5432
98 7883 5677 3303 4457 3801 6053 1365 7736 2877 985 1097 34 8021 6406 6722 9721 9877 512 219 9282 8069 2896 3924
99 3023 7997 5212 4011 1364 2513 6978 7737 5998 564 1231 8224 9544 3637 2366 5225 7894 4654 1140 337 8358 3597
100 4765 7481 1763 683 6750 5871 3545 3956 7023 9731 7133 6578 6735 1499 4084 8379 235 9268 3113 4274 4015 556
101 6537 4071 447 8663 9723 8462 8442 6496 714 30 7396 518 4357 5430 6566 5945 7795 4174 432 4154 4876 4851
102 8491 5326 2875 6100 5762 7438 9751 5416 9538 7556 3100 1249 2294 3432 2037 273 3278 6659 5066 6153 7461 1339
103 7120 2136 5572 1139 8797 4529 3251 6438 2870 9169 5358 6051 3129 8946 7356 5652 997 6981 3325 7574 2739 8204
104 2962 9848 9709 640 7630 676 9380 5638 286 3120 1192 9338 3391 6274 9202 6407 2476 3607 8667 641 937 1213
105 9075 7438 4501 860 5889 5639 9576 9144 4888 5861 7796 152 1627 5880 2662 1408 4334 5179 7571 8301 5455
106 1238 374 200 6487 5543 3894 9129 9720 6102 8325 697 9013 1292 1117 61 9073 4415 110 2612 8461 8938 7233 9336 4898 7095 1400 6047 5747 1019 3458
107 8716 8439 1042 5316 5756 2125 9003 2123 9655 3363 3638 9932 6528 3203 7554 8558 534 3596 1539 1755 4786 3113 4272 1150 960
108 569 8832 9354 867 8841 3942 8912 3495 111 7860 169 5241 4191 3943 482 4151 418 8977 6812 5619
109 8293 8484 7756 6899 7361 9224 8686 5333 9380 9013 6840 9649 9871 828 5288 9256 1124 8867 5136 1669 8516 824 1713 1772
110 7949 6467 1252 8193 7948 2274 8060 1413 3054 2411 4481 6485 1213 6977 8871 6820 4531 8826 7945 2429 8790 921
111 6030 6270 2773 5507 3160 2030 6071 420 8712 8358 1370 8431 9043 950 5589 7483 2640 9361 9906 9199 4405 811 2524 5767
112 6054 6737 1058 2698 5277 2175 3486 2892 257 5597 269 7108 7059 6680 3528 2752 6651 1569 249 9077 3577 2919
113 412 3468 9654 8856 5387 5390 7008 6853 9528 5689 7068 7095 8477 1911 8411 1600 1648 513 8963
114 3758 8512 4661 8931 3022 4091 2970 5409 3135 7105 8822 3284 1461 8956 7616 4774 7961 2139 6625 492 2922 4340 9653
115 6534 4286 9510 9654 2146 9083 2299 5849 7023 6883 6087 2808 3021 8991 2456 5391 8046 6136 5651 8362 1150 8137
116 5340 9607 412 8925 6084 4842 2681 5981 2909 1806 4310 388 3099 4778 5180 9678 6715 6076 4677 634
117 3836 2128 5112 9719 1387 4002 6492 8990 9023 5621 5338 937 6673 6662 5556 5794 8950 5160 421 9872 955
118 4199 6687 5111 1079 7199 130 4378 4645 7373 5519 874 9218 1425 1958 6058 4209 3946 7100 5712 7673 6214
119 6101 4170 7782 8982 5063 9822 9515 1297 6523 6222 3728 9755 6633 7463 4556 8481 6790 761 7611 1355 1178 4551
120 2555 4399 8844 3498 5846 6909 4134 8854 1799 1579 6086 2505 939 2073 5700 3910 2313 9444 1968 6647 5978
121 7709 574 6790 7736 374 246 2239 7280 8352 7949 5211 6274 8618 1985 9845 6150 5785 7187 3879 2763 625 2852 2799 1426
122 7429 9444 1647 3541 9461 524 1670 8403 4431 8871 450 7834 8970 4912 9101 8486 8361 8461 7491 2419 455 6364 741 6321
123 8130 2439 9349 2489 2607 4170 2345 871 2437 732 8967 8662 7766 9901 8610 5841 6067 3897 9669 800 8952 795
124 8644 2413 4606 5992 8685 5503 2554 4433 7845 3999 133 5338 8813 3145 1486 5490 223 597 2808 6276
125 9129 7105 3877 1153 5909 4056 7643 9852 4549 7391 1097 6244 2355 3878 4107 3694 8501 4396 63 6161 9551 7967
126 4020 552 4442 1774 9425 3830 3651 1112 4898 4803 8748 2893 9279 1903 6140 7238 9957 9964 9570 3824 8701 3087 3657
127 5748 8848 443 7725 8008 9323 610 2305 2863 1585 4967 9701 690 205 9788 5466 1764 169 6202 3563
128 3371 2288 5762 4234 2052 670 8136 2342 7007 7351 703 2226 137 8532 5539 8350 6008 746 2644 8834 8022 7361 2019 1393
129 5219 9467 6101 3379 7304 6398 8612 7099 9667 7713 4053 5925 8408 9765 3411 4857 9936 1982 1821 1423 658
130 6584 7852 527 9040 5177 3792 1740 1848 719 6102 9573 5797 5074 8402 8171 3736 3488 7355 2904 4781 4489 3757 7950 6736 1248
131 4909 1358 4752 5030 8794 5801 8987 3158 910 3894 2184 7448 7173 2659 8899 3715 9294 5174 9872 9946 3077 2862 5095
132 7517 4962 9688 1721 5234 5655 7751 4007 9357 6170 3316 9669 904 3916 9063 6205 3641 379 6481 8698 7731 1817 1793
133 5848 6889 2986 2668 3023 8533 6044 4971 3763 8636 5006 3053 5966 5134 7632 4837 5145 1964 8544 650 3394 3688 1874
134 5677 4660 5917 7050 7138 9065 5773 176 9713 9506 9426 8762 4100 4931 8771 573 8902 3879
135 6101 2 2818 3081 7068 7001 6236 1937 3841 6195 2278 4238 8543 7312 4959 220 997 7207 1778 9269 580 7407
136 8043 2158 7521 9376 6786 1557 4571 2598 7673 6862 9912 7083 4478 2366 5183 8260 3732 8758
137 4311 208 9908 2693 5400 6139 8780 9645 1496 5849 4972 3173 9008 8556 5072 6654 1263 8242 4328 775 4074 6752
138 8711 2611 6486 6296 8690 4692 3453 1050 6611 8077 3073 9957 1317 3532 609 883 6294 9152 9517 9822 6607 3569
139 79 7699 2349 2565 444 5072 6681 7413 3950 9563 4951 9433 4921 1192 67 7547 9135 1232 2004 4507 8301 8407 881
140 5437 5219 4494 9273 7053 4684 7786 8090 5795 1441 3666 6173 9922 7751 9994 446 8564 1939 6876 1408 8561
141 183 6797 1328 5710 1566 782 1031 7064 553 5904 8837 5321 4603 4739 6163 9145 2803 3109 3485 3671
142 4340 6889 6281 6588 4828 4692 9689 2970 10 1352 2377 5744 7431 7506 2763 2507 4397 6622 2626 2127 8880
143 2288 5899 4561 238 3232 225 227 8156 1292 8257 2426 9573 6664 3270 8876 9633 9212 309 5596 2550 2153 8508 1608
144 3783 2870 1869 993 8644 1984 3795 1557 4707 1154 6482 9041 8484 6216 4572 4886 8571 5620 7566 1704 4716 9004 1858 7680 6494
145 8406 5322 7147 9138 5948 7992 5901 2794 9005 2544 6955 5724 5459 3705 3989 9047 9392 5142 547 9347 8816 6430 3045
146 3728 7511 145 6351 6139 4901 6362 6427 5002 1454 6145 708 2389 9954 441 376 4753 9587 3331 7985 3635
147 1429 9040 5295 4269 3547 6765 1366 8465 5742 2643 6140 6554 283 5217 7647 9462 3330 9431 1957 6037 3379 3934 6871
148 1625 8495 1289 6920 5095 9555 3901 7728 9135 5839 3790 5876 4658 8995 2512 6741 6508 9155 4740 648 5248
149 6613 7579 6170 1923 5104 9089 8910 9087 1385 2182 2639 1169 5984 1129 4265 4398 3529 9958 4166 3368
150 6538 7864 4199 9114 2260 4345 6161 3111 9043 6584 1948 5040 8284 2806 7762 9825 8644 9859 6465 9916 1525 3464 4412 8425 5069
151 2340 6187 3050 5677 7243 8406 5862 1380 4816 5746 555 8320 866 4110 9486 7 1717 9171 6174 2327 2159 6052 5416
152 9197 5784 557 9898 1452 1535 1917 4450 4797 1479 7681 2917 3110 8230 5670 3305 7980 6375 6729 360 8303 5492 8065
153 1343 3077 30 2768 7413 6891 1242 3651 3763 5264 9169 2736 3254 3227 511 3606 3242 981 2218 2453 850 1174 7053 8796 75
154 2904 5097 2611 9337 4070 8221 2906 8753 674 7018 7240 6073 5743 6975 5768 9579 1593 6981 3426 4585 553 5026 2040
155 9007 9215 84 3673 1167 8043 4945 8756 4798 7732 22 7363 6149 9335 9152 1617 3428 7961 1422 3747 3264 1985 7364
156 6327 4985 7296 4401 7696 3080 2711 9829 3178 7004 5732 8585 744 3813 6714 9875 4975 6009 4939
157 8193 9483 9842 3343 2030 6377 3159 4280 1118 5780 2182 1356 3097 1101 3348 7288 3439 7776 2083
158 2 4079 4326 4531 5502 7459 3007 6434 3521 691 3963 4514 2358 8878 3991 2019 2362 225 2066 5481 5304 5524 2804 7680
159 5458 5003 2673 8043 5193 7864 6061 9129 3623 5155 4464 2721 2446 8298 2319 5626 666 6034 5318 3069 6866 4930
160 3163 7630 2146 7629 4606 5756 1528 3117 989 7525 526 5509 943 5957 232 6871 5431 4213 5103 2215 2196
161 9842 9023 2407 4252 9659 742 1117 2190 5474 3072 8885 5887 718 649 765 2391 8854 7385 779 9245 4866 4717
162 8812 6550 7788 8406 9031 9604 6323 1315 4661 1393 7400 1119 2100 170 7439 5763 574 3456 9397 2755 3413 8904 5584
163 5307 4679 925 6075 7204 7553 9955 2858 284 4643 2204 8300 1314 46 4237 4156 8935 1070 9005 5538 6179 1069 8183
164 5677 1552 5254 6453 9261 9671 8470 9404 352 9518 8329 6883 6461 2474 2883 8448 4834 8305 5714 8259 3625 8128
165 6049 523 6949 3567 7123 9640 9075 8698 3708 4162 6358 722 5065 2166 3292 3882 7432 8297 3992 9235
166 2121 7439 8174 732 1195 7749 9216 1932 2288 1439 8295 9430 4369 944 2087 4506 4735 9587 2453 4723
167 8134 5483 8883 2085 7699 4352 8687 1227 4569 5923 8753 8214 8338 6344 7791 734 1619 7361 7406 697 3458 2412 646 4565
168 1299 2058 3528 6332 3049 1204 5831 872 7321 9190 7314 9045 4884 6588 5494 4027 3805 8012 6608 6532 4269 3833 1894 1681
169 9968 6712 876 9008 6635 955 2307 6050 4946 4327 9293 2633 4430 1809 4444 3427 5727 874 9954 6290 9513 1133
170 1117 7709 4269 7120 9259 8342 8189 2462 3584 132 2150 5843 3689 8867 8239 8621 1407 7733 3593 9070 1218 138
171 9270 574 7949 1164 6810 1336 9398 1850 1282 2750 7247 2938 4727 6479 4880 4765 6844 4900 4118 9607 5393 5822 1924
172 3543 6424 4913 9270 3727 1923 5698 1495 6437 295 1375 6126 6515 7851 6986 4534 3497 9396 6520 8072 5231 7992
173 3012 9444 8711 865 6547 5005 2741 5583 2029 4913 6391 2833 9387 6470 8811 9187 1745 1941 8309 6835 6848 6943
174 9301 625 4912 340 485 1542 6650 4520 8800 3832 6945 6897 6088 1003 7391 2930 8988 4571 4795 1754 7525
175 4035 3757 3074 541 3013 8589 8029 7602 2545 3657 4835 5984 1253 4943 3337 1394 3109 6118 3284
176 7880 5783 8343 9713 3190 2003 8784 4946 9684 1319 7253 5977 9094 1940 2903 3885 606 9524 4375 7277 1443 2141
177 7732 6428 3331 6063 9666 784 1942 2794 6123 4400 4170 6636 2802 7127 4514 5269 6424 6192 4457 7666 4358 6249 4317
178 8387 4222 4760 7101 6049 6020 5113 8251 1464 5412 221 5623 8061 261 7272 8134 5446 8239 1505 9931 423 2280 5175 1760 3429
179 8994 991 4156 3032 1731 1791 9409 8265 8598 4840 7691 5838 7030 988 1242 8086 9277 229 4295
180 8812 2121 6060 2856 496 8700 2318 3869 5552 3505 7131 9815 8614 1145 1361 4635 17 7293 1091 3832 1720 7623
181 9224 7710 1476 9089 1036 6554 4558 6512 7410 3344 2422 2771 1661 1884 2434 558 7862 877 3591 5322 8515
182 8284 1216 6538 5339 4081 425 6815 1204 9499 9097 8532 1722 2513 9146 3023 34 2055 5187 5448 9876 6634 1851 1552
183 238 477 3537 1984 1761 3864 7364 2577 6785 7169 2112 2161 5417 4271 9448 3342 8126 4523 8978 2295 3418
184 9270 8248 3731 1123 3434 5129 3054 6621 3584 9711 5512 4385 4416 2933 1042 7796 4301 8608 799 1875
185 5848 951 6672 2264 9735 2464 9990 5295 5301 8392 748 8386 3111 7781 2540 5266 253 9332 624 8809 9688 1777 4688 5580
186 6635 4923 9120 7833 1628 2485 9270 2608 9141 2809 84 793 2322 7647 4820 7777 5843 4377 8049 9605 8432 8310 6329 8999
187 3316 6978 7997 4069 3403 2085 9638 1242 2543 3312 8307 5597 6393 1500 9400 3282 9462 43 1581 908 1477 1007
188 1134 9545 1083 5451 3241 8124 8899 731 6406 933 4660 8754 3653 3327 8709 1084 8308 5601 4990 7428 2543
189 4377 3089 860 145 7120 3092 3012 9820 6040 5848 9400 4117 304 9133 4762 9896 6984 9563 2655 4241 2119 6840
190 5445 5860 9443 6464 783 7762 4077 3259 6567 1583 3006 843 5662 5080 4529 9364 1064 4044 3510 2562 5370 1408 6703
191 427 876 8185 9259 4705 6869 2745 7036 3048 3538 6 6168 5484 1922 2262 7992 3136 5315 8588
192 3758 2518 4843 468 9917 9376 1353 9215 8836 8594 9046 10 2906 9355 7709 1016 8716 5861 8482 6514 2561 2285
193 8470 6014 8183 9004 9834 9414 405 7709 6859 2887 3784 5737 956 6261 3006 4150 5512 355 8921 6525 3296 7176 6333 6054
194 9199 761 2739 9083 6061 675 9425 8040 1429 1979 2165 7585 6469 3477 3355 3032 9323 7429 4167 6361 7594 7534 8883
195 1383 7285 2652 6778 7631 9097 9505 538 3802 4847 6850 112 1980 7839 6803 2346 6428 188 8210 6585 7976 1609
196 6778 3089 4045 2263 5604 5163 3425 6627 8687 7665 2158 8878 7657 431 704 3151 9657 4220 2259 1717
197 3877 8345 1611 5097 9293 2790 4203 1504 5505 5292 3166 24 8275 1683 6310 3444 4478 4042 7854
198 2615 4660 3146 1780 5224 2263 6698 6282 4528 7206 691 9034 6867 3134 9205 7353 9537 8969 9771 2569 947 7529
199 5307 2875 5163 9659 7439 3004 9233 410 5358 7278 151 32 9511 5388 8325 8765 6997 448 5293 3277 1796
200 4958 1117 7610 155 3842 4037 3020 1959 898 4002 3305 7001 6587 1855 6507 3563 4493 7320 8193 7445 7818 452 8284
201 1125 8284 2927 8713 5777 4108 6621 7509 3476 5700 837 9656 5027 7668 9199 8661 2645 8415 2087 9136 5693
202 9199 8005 2898 9301 1739 1106 6196 4786 1471 5348 4647 9254 9613 6737 2954 1508 520 6125 9474 172 8637 540 6731
203 9453 2662 2932 9731 7929 5341 3262 7553 3555 6490 2890 9830 2206 9780 1400 3981 7876 3381 2619 3415 3256
204 3830 6216 9086 1339 5993 6491 9742 3042 5889 8965 4276 2474 5044 1657 7892 8203 1961 507 8467 4613
205 3103 8830 3543 5887 5696 3575 9911 9605 1535 3661 8506 900 4604 7451 6914 9743 2002 7656 5300 3137
206 6467 2537 7057 8881 8121 6768 554 3804 1678 3549 2414 4257 727 2968 357 6522 5804 2156 4736
207 6534 9933 4045 1137 5248 1383 4679 1598 4106 2944 8591 2750 6418 7329 5442 8294 4180 2739 4708 158 3751 7953 3354 4709
208 7120 3914 4377 784 7987 2735 2209 6608 2898 174 8235 1277 5347 3314 5181 4243 4667 4534 1556 7808 7859 6747 908
209 9007 9032 3750 1846 730 4069 6701 8659 4079 8113 571 4522 7630 4218 7025 8009 1650 8064
210 8043 9573 8053 7790 8146 3942 8133 9380 7728 8340 6705 5775 1426 7057 6966 9710 7539 4699 7704 9408 7842 7582
211 3586 7267 9219 1491 8986 9865 286 1799 9091 5996 1841 2318 7775 5456 5993 9074 9990 6938 6354 5650 5119 251 9404 1310
212 9533 8528 5014 2978 7240 8078 5248 44 4733 1770 4929 2968 234 5902 8140 5541 4726 8715 1215 8162 6647 1996
213 2155 2569 1305 6537 2783 8925 4093 3015 2201 4520 6057 4686 3122 927 1715 251 1736 7268 4780 8230 590
214 5869 4786 3758 2666 6258 2274 7629 4092 9555 6808 301 94 9593 1763 9831 2788 4937 4012 3799 2582 1086 7009 7889
215 7949 6067 3835 6280 8579 1950 8508 7802 4762 8852 8442 7886 9918 7193 1457 8144 2858 86 3124 8128
216 3602 5029 5090 3393 2900 2855 9487 6305 4804 9984 1680 9892 7819 1045 9227 8839 6901 551 9883 9374 1234 836 4958
217 4901 3184 9713 7333 7932 3474 2264 3495 7458 9618 9753 2185 4364 7308 7258 9116 7727 1522 6885 2486
218 1058 2858 6306 780 2608 8566 9621 5992 3215 238 6698 2247 9463 5233 3422 4197 1654 170 2796 5641
219 2986 8134 776 2263 5437 6778 2513 3914 1397 7473 9313 798 4324 8421 3550 3343 3309 3002 48 920 7408
220 3032 2005 2019 4232 6502 4070 7481 6744 3249 5479 1413 5895 8406 9589 1947 1337 3609 4490 3441 3836 6016 2789 5500 6201
221 3144 8248 3720 7486 6920 6102 9248 1953 5964 6693 269 3092 8969 1463 2999 8879 7782 2552 1676 5009 4985 9492
222 7709 7762 4346 5698 6613 3268 4660 8729 2885 883 9830 5671 5950 5110 238 7067 8672 5086 4160 2520 2519
223 7852 8618 5895 3944 3364 6338 8874 2194 8204 9802 3044 6313 2705 8053 2847 9312 2640 4471 9508
224 8722 9453 2650 4870 2902 3827 756 945 9997 6230 7868 1697 2552 7386 8089 6029 8425 7014 5142 3015 755 9051 9717
225 9013 7820 6608 2444 7318 6844 5228 3672 2630 8456 4184 3173 125 882 7669 2117 2273 4224 7811 1915 6959 7696
226 7285 753 1246 5607 2856 863 3088 9837 5373 468 5342 7708 8493 8427 2269 8487 2214 9483 3009 3590 4441 2848
227 420 9003 4913 2485 3923 6134 989 3510 5768 18 7998 6047 6445 6067 7205 4989 1289 1890 9396 6432 6982 6402 1950
228 8212 6369 4539 1779 7419 7285 9332 2227 5477 9449 8524 3469 4010 7486 8959 7706 9317 20 999 5687 8714
229 7429 8528 1066 4378 7895 279 6938 4691 2401 6530 3190 9141 5533 5308 8057 7283 884 3828 712
230 259 8069 4020 1512 6438 1195 5326 6666 7880 3290 1048 8058 4843 867 5737 5251 3783 9160 3721 7850 7214 9791 533 2001 5399 9842
231 9453 8841 2857 6833 7688 132 5913 5875 9152 3576 2066 7082 5307 4788 297 6595 8376 8799 3379 3153 3983
232 4728 3751 7653 7788 412 8268 733 1276 394 9635 102 7154 7639 8037 6103 5096 6238 8728 739 1138 2750 8947
233 6021 7874 6698 9545 847 7852 3275 2175 8644 4805 6177 1080 5417 8742 4002 6561 6556 106 4343 6190 5869 287
234 7266 3089 5194 3533 6269 5445 9758 937 2875 5258 6178 6445 7857 8140 791 6170 3115 3337 4963 165 7332 9725 683 4470
235 2790 6447 1731 7579 6827 5171 5525 4294 7977 5389 1092 2050 6295 9691 8176 7073 2992 7745 3263 8031
236 8116 2003 7474 1430 4878 4356 9704 3792 2589 8570 9499 7694 3786 3969 6939 4307 3620 2820 2551 1376 6327 9491
237 9990 5483 673 7519 5580 3363 6544 6298 6467 6758 4379 2205 8361 4988 7751 4670 5663 5685 4407 1615 4435 7039 5958
238 9244 399 9580 6101 9476 6437 6829 4616 5993 2601 5355 8418 4021 6218 4488 1193 3177 2712 5387 4309 2621 7928
239 5412 8580 259 7791 6445 2857 5593 857 255 9430 9524 8405 8709 1259 4033 2923 8977 8628 2349 3096 9909 6488
240 2666 5175 7742 6499 8176 6980 6083 896 1920 2299 3374 4106 3756 9344 7852 8289 2744 4690 2811 6860 470
241 7219 523 4988 7795 385 2676 8958 3234 2269 2533 4544 3507 9248 2505 2368 7242 4098 4244 9424 7516 4906
242 2240 761 1900 1252 752 1091 2037 4455 5735 9584 2107 7372 3642 1295 9160 1343 6801 4390 6915 725 6396
243 6827 2422 5156 5333 9470 1987 3875 4720 7247 1208 8154 1843 3482 7739 6917 4488 7156 3975 6978
244 8491 719 1986 8256 780 7631 2320 5989 8122 7069 2349 6151 5523 3797 7484 7881 1126 2495 8942 7434 8344 839 105
245 6458 2630 3377 8470 7349 5980 9918 2465 5129 6408 44 7692 2712 6849 2982 8548 5076 4107 7697 7268 4742 3842
246 2704 9713 7787 4507 5572 58 3493 2673 1644 1428 5505 8964 1303 7302 2193 916 4135 6821 3572 4102
247 9903 5038 1942 1505 6630 2966 3479 9374 2260 3262 3581 9745 8998 4078 2563 8522 8931 3184 8185 6904 1360 6326 4131 2139 9464
248 5340 9404 9594 4302 5494 8599 3080 5061 4831 412 4171 454 7551 3685 9032 5622 5808 3254 3577 7288 9044
249 6134 6778 6347 6955 2685 7018 1807 9181 7456 5164 6503 234 4924 6113 3368 2164 590 1327 3843 3764 2152 3071
250 3830 4107 7410 8947 7180 4134 6356 6734 3743 4820 4095 4912 4571 5044 830 2957 7266 8518 5186 4181
251 3543 9230 3870 2643 7938 8188 4616 1835 1734 1424 6842 463 4302 9167 2920 9816 5986 7666 5870 2715 1952
252 1454 2600 8880 1110 5752 4517 4310 1181 6539 7509 8959 2415 6416 8610 9675 4544 3716 4074 6200
253 5322 9138 4985 9684 9337 755 4399 3285 9777 6928 8516 7435 2527 5023 915 9238 695 1123 5749 7601 6822 3033
254 7713 2533 4760 9806 8157 3007 7874 4727 517 2904 7088 1779 9273 6673 603 9230 6162 2749 6558 615 5500 2397 1122 9548
255 1343 3830 5397 5286 6610 1912 5752 8242 2911 3377 5110 9711 4760 6633 8410 1840 5811 1492 6830 6225 512
256 7575 200 4367 8922 2396 4695 4697 642 2828 5301 5153 2674 2947 1866 8153 6843 28 522
257 1299 8134 4091 1515 3006 3607 447 6187 626 9129 4888 3456 8834 2384 2898 7360 9809 8502 2680 7914 7804
258 8130 4423 4418 4719 6817 4705 6961 6946 5834 1504 762 3990 8119 8167 7495 1767 1973 1210 6863
259 1979 1145 7240 971 8503 7513 9684 9573 8304 2879 7325 4024 4261 8484 193 9527 502 38 7991 5426
260 3376 7133 9230 6404 7072 5547 376 8428 1930 2325 9540 164 9930 2961 7344 7276 1652 8363 7732 7636 8944 968 7123 5063
261 9244 6528 7333 395 551 6376 583 2546 6592 394 123 8312 2310 9491 2761 7557 4615 1679 8194
262 6547 3304 3243 745 712 2212 3207 3670 1272 1969 101 1790 8332 1646 3215 2873 4367 3430 4668 3720 7946 2127 4146
263 3012 2943 4282 5149 1593 7029 6765 1572 3895 3104 4926 7639 3584 7829 5350 5156 9132 9832 3723 1925 3782 8391 4346 7411
264 3753 8062 4326 3789 1176 8015 9255 901 8586 5477 34 159 4640 4596 7351 2236 6650 2316 3630 728 7563
265 2437 2128 8049 8716 7290 4333 4337 8218 4584 5104 3345 3807 1761 1567 991 5682 3835 1610 2852 9696 345 3739
266 9299 4004 7162 683 4561 4923 1439 5335 7085 9073 550 3811 3509 2202 6082 1788 9519 8720 3066 7930 4743 5325
267 6938 1601 5359 3823 6499 5946 5064 3043 8980 3383 2339 4793 1805 1228 8385 5514 6460 9064 6600 436 3212
268 4664 7193 6447 687 2483 836 5052 104 253 8248 2985 5800 9007 4164 5239 4858 9738 4330 6726 2932 3706 3023
269 3012 4886 6014 9197 865 3496 7213 5821 9795 9873 3766 3588 3213 6044 9032 271 7251 9566 8605 5613 1961 8825
270 7001 7252 3119 545 6672 3144 7688 3409 6477 6303 1408 8907 8724 5507 882 2382 8598 1378 2324 3339 6439 4698 2052
271 6482 640 3113 4717 6853 1762 7259 6053 1606 6113 6473 1305 4481 4199 9543 6805 4132 9319 4172 8806
272 1956 8387 7438 9677 9988 1570 7604 6250 5162 9487 7861 4362 166 2475 4648 7607 5558 9176 458 4439 3791 1942 221 3496 3545
273 9160 7333 1498 8055 5758 545 5172 6295 3345 3820 5658 2834 6801 9239 7208 4136 5989 8290 5317
274 8994 2699 8185 5038 1734 9029 4457 2156 1665 5740 9805 5674 412 2865 5411 1774 8284 5096 1406 5918 671 7469 2130 9453 7864 465
275 1956 3113 6359 2704 4311 3050 6712 7456 3276 9336 8254 2666 3025 6843 8558 9988 552 4731 7187 3992 2757 651 5242 3766
276 3584 1260 8157 8116 3963 3386 478 3336 8904 5421 2353 463 518 2120 2127 6521 8578 8123 1863 2558
277 7413 9464 3784 1206 5654 5993 7426 7151 4858 9186 2773 303 646 6539 7995 6139 1105 9444 6110 1432 7925
278 3232 8907 3393 8702 9957 7048 5818 5755 4944 3609 1056 7936 3535 7634 6668 1904 6528 5361 4521 8367 7695
279 2790 8150 5504 917 6699 145 6676 691 1542 6831 5815 9003 2682 5396 2204 3710 7444 8929 7154 8793 4711 9600
280 3521 5860 8022 6074 2288 8644 1601 8363 7820 6355 7754 7390 6122 6344 5781 6513 4168 128 2132 7243 1323 4943 1756
281 5715 476 1134 4567 7426 1562 3748 8287 6188 8713 5780 3364 9330 8898 3696 3784 7217 3398 9385 9676 7918 1540
282 7055 9930 8386 2818 4517 8570 4890 8498 9787 592 7162 3634 546 5802 1159 3326 6902 6670 9481 339 4573 1924
283 7732 2058 8332 4450 5033 4974 5793 8538 5129 5659 2679 5267 5876 1059 1757 1113 6380 6631 9487 7778 6922 5461 3227
284 9075 8068 8428 6677 9453 7902 5166 3885 7732 7496 243 1834 5934 7831 5095 6675 2611 8079 6205 5738 1023 5437 3051 9393
285 450 782 3561 6549 6044 9014 4063 6021 6555 1425 5824 2798 3225 9628 5432 2009 2098 6018 5376 2860 6360
286 311 4526 9892 7199 1770 4967 6354 4497 7008 1920 5241 7960 2956 603 521 5067 4112 2586 1694 2252
287 5862 4824 5885 3405 2409 3875 7893 1319 4937 8856 930 8087 3429 3669 8243 2442 9540 581 6524 9406
288 2340 7379 6772 6458 5910 5523 4086 652 1292 2634 2077 6233 2398 2138 3158 4664 3400 5578 3138 2427 843 7431 4971
289 148 7049 8887 6630 8445 5546 7856 5260 239 77 1335 447 1649 3404 2559 7968 312 677 8908 1151 7951
290 7438 4801 5193 5383 2554 7782 8932 148 420 3603 5288 8179 777 7621 3165 4704 3167 3686 495 5341 4298 2428
291 9265 4647 412 3125 1852 6611 2344 6225 5989 487 4432 5218 3741 6485 9606 9090 9710 5552 7797 8908 9635
292 8644 8333 6454 9205 843 6744 5082 6153 5775 3964 7972 2516 6041 2545 7993 7643 6494 3169 672 6666 7529
293 5248 8344 7434 3936 1613 7023 6795 3597 4093 5044 8605 5497 2134 8500 9646 6742 9629 5867 1822 8059
294 9615 8618 2349 6899 2771 6283 9843 9829 2424 5029 267 3999 1429 8524 2860 2947 6398 6089 3079 6224 4207 6226 8393
295 935 6611 2407 6978 6351 6895 1554 9244 3756 2988 6148 4893 8535 9920 4080 2503 8391 8681 5314 2186 3579 9832
296 1289 9347 5445 7568 3783 367 6839 1736 6999 9496 7912 3755 921 7574 7981 7442 9254 7807 6231 6724 7564 1079 4812
297 925 7267 2569 6842 6631 2327 8111 3718 9164 1406 1477 4898 8552 7155 6354 5419 9076 4934 6613 3172 1743
298 9903 7240 2003 1058 2817 6073 5772 2010 438 2822 9199 8763 3535 5787 4752 2685 4178 3130 7595 7421 3821 6750 3795
299 139 8794 116 7622 4214 8414 8599 9385 2570 5721 7746 1314 8699 1878 1943 639 2692 1625 4672 3109 7408 3077 6329
300 8994 850 7280 7369 3304 1405 6251 6334 9149 4842 1956 281 5520 8078 5983 1344 1307 477 3250 5577 2678 9020
301 4527 8896 2491 6413 130 1026 8579 6705 3871 7320 9279 5794 1032 2516 8433 1293 4770 1107 6640 2271 6329
302 9374 4343 3700 5826 3049 6071 2278 3612 4537 22 9982 6461 5150 2027 3621 1534 8961 8507 776 2470 2456 71 8624 254
303 2240 753 3703 1784 842 7457 2735 6652 981 8688 6175 8406 699 7413 5628 1396 8329 1013 2326 2041 9164 7767 4687 5827
304 4728 8325 1831 4232 8688 5329 3812 7881 5331 4188 3263 5966 1531 6686 6718 1315 4677 8103 3041 6258 9379
305 1105 5838 1401 1790 1323 6022 6986 8087 1572 1956 5014 8362 9202 9314 6281 530 1186 6073 4022 7791 8162 8971 6665
306 9178 4108 2139 3251 5794 7956 478 3238 4692 7205 4633 532 4475 3437 2371 7035 2007 7566
307 1784 1216 2486 1869 2873 9174 9713 5771 2319 4468 8947 6728 5582 33 2204 524 6779 2465 5694 7880 4119 8880
308 5099 6054 6030 2972 7347 9199 7960 8116 1352 4558 600 1746 7173 6010 6447 4306 6996 1866 4706 5882 7370
309 4340 76 1822 813 7012 4210 9444 1798 2666 5569 4123 5816 8371 548 4297 9623 6421 4289 7166 9306 1373 5900
310 8711 9480 8293 3249 872 2403 7780 5054 643 686 3100 5154 353 4403 6013 5068 4333 4007 9218 4027 2425
311 6044 1524 369 8352 9697 1610 4591 7291 6931 6747 8822 5138 1061 1846 3437 1446 262 6041 1859 7083 9260 4741
312 6465 9354 2121 5132 3144 8089 9206 7537 7500 8350 9581 4933 9939 4391 2235 4421 734 8364
313 2962 188 9244 8599 8054 1354 4491 5872 2439 1209 6797 6122 4651 8838 2844 9728 6538 1817 2393 3518 4402 6426 5661
314 6141 7 4717 960 5112 4966 5216 3463 2958 1702 6685 9293 1332 8660 1143 150 2927 2071 478 9868 9138 3748 8148 9286
315 6613 8663 295 6675 7736 1449 1658 9167 7971 9032 2544 3666 973 4407 9918 2293 1651 3489 7354 9535 4080 1481 291 557
316 1042 3513 2109 6141 1252 2392 8836 9256 3967 7975 5609 5120 5645 6295 8056 9986 6133 2451 4207 6936 7012
317 2480 6153 9800 1396 678 8896 1167 9632 3072 3683 1929 3360 8419 7217 3108 9664 6908 308 2313 4486
318 6134 4901 9465 467 5810 1354 7984 5192 2943 1265 8780 1212 508 2275 3668 2809 8019 7720 5050 766 406 815
319 6161 9955 4314 8893 977 3463 3883 8116 5507 577 8566 9317 1834 5921 2406 5471 1954 2388 8938 1054 195
320 199 7987 518 1800 7296 4531 8294 417 6387 9689 8961 7055 9601 4505 6613 3392 4785 9649 1730 6995 3495 2372
321 5643 7710 979 437 7216 3425 8583 208 4741 517 4066 5855 6652 4047 3095 6599 8066 9520 9232 3573
322 979 3077 2679 7369 3393 1478 3157 7481 5334 8155 6302 328 4385 5917 7261 1017 9818 484 8636 5262
323 1353 9518 250 1981 9521 9341 7036 4211 8306 75 7593 3105 7745 5842 2939 9438 1162 7756 9320
324 732 4060 2060 3408 5329 9740 1356 6467 4757 9749 3876 9262 7254 5801 6907 1257 3557 694 2359 3932
325 8832 9607 5767 5871 4063 1248 4916 8217 5413 535 3807 3414 6448 1522 9180 7893 9421 9431 1267 5572 3524
326 569 7899 475 1401 6292 1395 9704 3607 2707 7856 5555 6807 9223 326 8571 1999 1013 3633 2768 8002 4057 14
327 4352 6285 8716 4294 1328 7474 4159 9523 7036 7978 7504 8826 6893 9113 7646 462 2529 4336 9761 7086 6018
328 7652 8728 3043 5520 6786 9907 3135 1997 7183 2704 606 791 4416 6258 7826 929 6827 1964 1374 9607 3990 4401 8308 1797 1623
329 9731 5645 7055 8690 2897 843 9302 4580 4486 7779 6777 516 2248 7569 2762 6163 831 6841 9194
330 4531 5401 1206 7733 7191 4739 8787 1987 2234 3642 3762 4238 1425 2283 1785 3528 3388 4986 2389 8534
331 4311 6545 4367 3528 2189 5898 7952 332 3981 3723 2730 7626 7599 8670 3417 4505 6753 7065 8114 8688 1274 856
332 1731 1079 9623 2125 6616 8581 9632 8710 9734 6937 7969 6859 3975 3904 3977 4216 9111 5143 3869 5506
333 6170 8145 755 3823 5295 7365 9908 6092 3164 9543 591 6635 2685 6134 3397 3307 8522 349 3792 2728 7809 4769 8284 387
334 8487 6258 1950 6482 6484 528 2030 6153 5867 5784 4020 8990 4970 7968 5664 755 2438 9943 7249 7828 8901 3616
335 625 3507 4907 3241 9551 1876 8807 3135 9805 2246 8743 9878 4566 9116 7946 9230 5650 3650 8348 41
336 647 7206 5997 4680 8217 3316 3220 72 9506 7082 5615 7205 5108 7042 1179 4281 1773 6294 3563
337 2892 6772 742 4345 3819 6962 729 4880 3831 1845 2607 7159 9600 400 9772 7226 9603 9859 8266
338 3521 6778 6387 1705 2489 5465 9261 2465 7777 8573 1784 4202 80 6191 4813 8446 1715 856 1956 4958 1122
339 1557 583 4317 3937 8125 4077 4909 3307 4180 1150 7688 5423 2298 6166 9060 6996 3740 7132 6736 7852 2460 9378
340 7902 7883 1538 1223 3539 2668 7018 6913 9311 9247 239 9098 4626 6190 3001 5045 6019 2365 8778 5939 4053
341 6482 527 8776 7026 5253 3704 7888 8069 8803 7570 3408 7989 7090 2708 1842 53 3202 955 621 7700 4828
342 9615 511 4385 6073 3664 4529 8313 4710 7960 9348 5594 1140 9372 1307 2473 5817 8356 14 5439 2709
343 1117 4923 8994 5772 2978 1248 1123 5660 2014 2286 6512 4541 1183 9485 2613 24 5124 7483 6308 9721 4525 496 2629 7787 1929 2064
344 139 8883 8756 9989 3316 7459 6924 1930 8252 8826 6341 9500 8211 7228 7770 5985 7545 1838 203
345 935 3757 9836 6946 3726 6409 4784 7549 2319 2966 5433 8677 5366 6784 7192 4696 3847 1637 5077 6650
346 1121 5053 2327 2480 8193 726 5064 6063 1505 7163 6937 4372 3155 4894 4935 3397 553 1353 1503 2322 6401 7488 384
347 843 8235 4501 9010 9374 8973 8491 174 4658 1133 5302 7912 1345 8349 8519 1089 3774 7487 3783 1815 4261 2209
348 7266 2589 5448 7001 1476 4801 8168 4546 6218 1256 8455 4464 6155 5921 157 8474 4180 1596 8439 8395 5203 1061 5929
349 2288 6095 2902 2437 4350 7481 796 7671 9997 6680 3174 1560 667 9213 504 6239 7507 5559 2723 8600
350 7713 3781 108 9478 7652 3976 5379 3 5767 2677 8514 4409 9866 3529 3273 1661 7608 3208 466 2198
351 3111 6744 130 475 695 6537 738 2321 8131 2591 7146 6178 8970 7849 8512 4403 8498 8830 2552 4014 2623 5273 1813
352 1625 7517 7694 6226 6913 8583 272 6020 4973 7782 1937 4882 5126 1846 7480 6154 6912 9703 3843 2077 4332 7090
353 4909 1348 8649 9374 1932 6986 2416 138 5863 1402 829 3677 1336 1034 731 6125 4026 9547 1556 102
354 3728 7880 4783 569 6254 1085 4308 5386 4340 7920 1781 3675 4148 2795 1043 8729 8594 4099 6914 33 1361 9948 3093
355 4176 3251 110 6415 1638 8179 1310 3362 6838 8751 9952 9834 4531 5728 2594 8159 9707 7906 1875 2204
356 6672 6178 6332 1877 7896 5661 5294 3077 8487 6798 5913 8754 7691 8936 278 6674 8705 9667 8173 7915
357 8910 7933 177 5966 6566 7868 9191 7399 5445 3349 3375 6046 7155 8632 9432 6184 7624 2007 1460
358 7782 6945 7569 8121 8894 6470 220 3244 223 4107 5454 8788 1451 7844 1678 1104 452 9307
359 9669 5448 4628 3853 8030 9071 7998 1205 1531 9826 6260 3474 3491 8663 2708 7425 2785 4453 440 2140
360 9852 7029 709 3936 9733 9215 4212 4333 5907 1800 9592 4365 8375 3871 1728 289 4776 8523 9337 4583 307 3253 7542 3196
361 4341 8269 5288 9027 2707 8284 9025 1020 6702 5186 2579 8862 6263 1243 3674 1144 4141 8837 4340
362 79 4664 3079 7439 9368 9576 1948 6670 4845 8883 1473 3631 6598 1541 7418 5407 767 9236 8050 9049
363 9930 6547 8883 6771 1950 9428 1625 4796 1059 4176 6819 4147 701 4966 4821 6291 757 7628 7866 9453 5060
364 1343 2670 6875 2184 2601 8696 1058 7599 88 1550 3521 4306 6032 5190 2717 2003 9060 1225 5402 6357 940 6105
365 1496 3043 2064 1329 75 8377 6186 5211 9722 6592 5218 7075 6919 7226 2175 7458 1750 2710 6044 1896 1563 5507 6130
366 1750 5869 7755 3700 8814 7834 1624 2624 3074 9838 5396 8686 8676 6003 4072 5145 535 1298 6905
367 8462 3261 3354 2307 3061 8352 2595 3376 3115 8095 2589 2111 2868 3994 2807 30 1277 2478 8083 6568
368 205 4151 3752 3383 9205 8748 6662 1966 8028 5355 4487 3043 5077 1301 2696 7131 781 8441 5221 1363 214
369 6470 7413 6099 1583 7664 4314 2237 5367 9276 5214 406 4343 8623 9969 8555 558 5094 2376 3972
370 2327 9129 979 6001 9510 9947 1898 5280 1044 838 8342 6812 9911 4706 2339 6213 665 133 3345 915 4162 9056 9292
371 7429 5359 8220 4104 1665 1299 4047 1157 9970 9789 3100 7160 5277 698 2193 35 8539 4938 2288 9100 3870 5550
372 8105 46 7698 395 6262 1625 6100 321 7615 9309 6566 5564 3084 7093 3722 5082 3562 3340 3063 2815 7979
373 3074 1083 3961 4129 3543 7314 5042 9368 3936 8693 1414 2143 812 1358 7511 3023 6933 6110 7932 8622 9995 6316 5148 9933 3089
374 76 5251 4558 367 5072 804 6836 601 4258 8516 6330 1963 8327 9580 3586 1809 1616 2324 3564 8683 2317
375 1774 6390 3047 5942 921 6863 5465 4004 8105 7137 8145 8401 9844 3391 8520 529 7692 7470 3858 3058 3784
376 3006 3728 5752 9013 9493 4286 7486 9295 9940 7536 3582 7429 9163 5775 1979 2155 7753 3289 4932 3461 3451 6720 2025 4437
377 352 7950 5239 9281 6170 8696 716 1273 6778 8526 8480 4341 4065 3745 2201 4815 5233 3376 6069 514 3729 3605
378 5099 5862 6687 7365 8776 5704 4822 7039 8168 1633 8499 8556 5122 4668 2341 581 4764 1485 1861 3821
379 1353 9014 7049 8300 5429 8719 816 2071 7092 3117 2147 6773 6973 7786 2725 684 7115 7245 389
380 3261 937 3513 4619 9637 6451 2274 1789 5715 917 4919 9197 3945 7997 8105 5673 2315 7413 2544 9557 1289 4891 2599 7449 9871
381 2407 5457 6464 2892 9435 9843 5695 8671 8102 7602 6622 9281 7342 8612 6114 8041 9927 5721 1534 5441 7190 6264
382 1752 7200 4962 7740 2030 6261 5704 164 3481 5201 6851 3568 9990 7377 6412 4511 1584 411 1194 2846
383 6049 1904 9436 456 3505 9073 285 5531 1794 1963 6993 9904 9535 7316 3753 1524 2493 5706 8844 9150
384 4679 3533 2699 3935 2895 1154 9192 1933 9887 1041 6983 8239 2549 7537 1147 4662 7761 1541 5647 2003 4238
385 1121 8609 3468 8863 2555 1850 3965 9040 3909 2462 6476 3997 712 477 647 1731 9224 2610 7207 6710 8967 7702 8385 4844 1174
386 9404 2475 1710 4245 1265 1238 7167 6470 2791 1004 3465 7260 3256 3349 5693 9106 611 5277 6403 1490 574 1256 7922 3335 6057
387 6020 1647 2109 2876 90 9385 1931 5710 6343 7212 9116 8097 4614 3098 8995 7182 1540 1849 4940 3487 6459 4572 6258 9968
388 4967 8259 2929 2603 5572 438 6374 6465 4643 8622 5534 5265 1264 5600 9732 6289 662 1083 5272
389 7759 3630 6270 7606 5668 7216 1574 5088 8220 7061 6960 6223 3755 5379 5 6671 1148 7309 3949 6720 3925
390 5322 5248 7820 513 6827 1296 2737 1719 1721 6021 9007 8652 6414 9359 970 1578 9480 6728 8606 4630 7772
391 6967 395 1125 176 4188 9391 7485 2062 1363 4029 1670 1401 3482 6221 3805 9332 9811 2220 250 7663 3904
392 2858 300 3064 9395 7336 3585 76 6861 5917 4939 6112 4929 739 3451 6325 4715 4125 6337
393 3885 454 991 9970 139 7323 3718 9798 463 8512 3222 3540 7409 5023 2627 4573 7868 1173 8614 5529 265
394 6611 5412 6020 220 6130 8167 9129 6503 3582 3602 5278 2025 2074 525 2301 4852 6397 3214 7247 2455 1058
395 2175 1571 9036 7669 8439 6696 4886 2871 5693 5457 8309 1501 7064 3552 8062 3735 321 9660 7347 7203 7318 1197 6738 1988
396 3395 3981 3700 5340 4691 8930 9583 7929 5164 4627 9819 7509 8269 5728 4404 8738 2865 9952 3521 29 3343 5308 3031
397 5917 8325 8130 5548 6326 9354 1581 5063 2244 3154 7575 8747 7802 3233 3212 9405 7964 7544 373 341
398 321 1524 7744 5677 4622 6216 7206 7585 9533 687 9029 2393 5103 7278 9241 5865 6774 329 9149 5605 5250 7836 7489 4469 585 2349
399 9461 267 6503 8512 3612 5982 5117 3560 2822 6057 2445 519 5664 5260 6525 5560 6880 1087 1433 7199
400 3982 4787 9107 7221 1043 2652 207 2729 5772 3533 8949 3072 7939 345 1290 390 1565 736 2892 9316 9404 3534
401 9007 3106 6687 7454 6301 2223 5899 2810 6326 7610 7698 4400 4870 9451 3681 9804 5879 9839 6048 5259 3817 7286 5125 7719 1984
402 5643 5304 476 6675 9993 993 6962 9364 3748 552 2496 5658 326 1197 7708 7480 7697 2101 7651 7119 6196
403 5445 9160 6967 2589 1174 6509 4285 4539 956 7919 4836 5507 713 8071 8206 2327 3266 3116 471 3373 7917
404 5507 9260 5898 5656 2183 4423 8134 7293 126 8036 6369 2965 1749 5872 3114 9126 8264 2051 1654 6162 1564
405 9533 7545 9775 7289 991 7752 5384 1175 3064 2458 5928 787 3552 446 2377 9264 8423 6667 9444 9769 4453 3267 1765
406 1238 3905 5451 5251 5507 3101 1651 1330 9746 2155 6897 4314 2649 5557 4528 4180 4169 5774 1682 1213 6641 5309 8150 1567
407 2264 8396 9008 6369 7423 6321 9646 9253 4347 1674 6388 789 2580 5251 1130 5891 8518 9578 8903 7335
408 7133 8169 246 1572 7092 2340 1615 9109 8964 3352 6610 1377 4557 7324 3407 5524 8340 616 4564 9770 3914 8345
409 84 7044 2100 8105 7056 5659 1238 2466 3910 935 8907 4365 760 3256 4812 5245 2955 751 5240 7497 3974 5340
410 6014 2074 5548 1571 3863 8142 2938 4612 6968 6336 2052 4087 9208 6519 5190 9198 9129 6441 2216 1360 8069
411 4377 5014 321 8343 857 8639 2121 4260 3007 3715 4915 7675 7758 5604 8004 6594 371 6504 8981
412 3792 1091 9852 4624 4699 3454 6526 2404 2972 3153 3657 4886 819 9034 2266 7472 3753 8906 9959 2171 5340 565 6934
413 1710 1934 6298 8910 6970 1246 3184 1077 8488 7883 7789 168 1247 8834 148 3375 2550 3111 3697 3712 4812 9957 9886 1533
414 2114 6029 4402 866 2866 5946 7367 3265 7423 3818 7756 7677 9305 1940 1034 7830 7689 3939 2924 2790 3360
415 2685 2538 6635 1117 9608 3923 4805 6400 5185 8998 3447 778 6048 8611 6019 2800 4071 7903 5911 7633
416 1105 6030 6332 9677 397 2962 9172 2239 6034 7151 2988 1074 2708 1686 9994 4582 124 9045 142 8795
417 9931 5748 5030 7087 5762 585 8058 2191 7541 2810 6197 805 1149 3415 8286 6201 3281 2229 8505 3872 3735
418 1763 7029 8908 3706 4972 896 829 9031 7060 5869 6042 4610 1588 9522 2538 366 908 2529 1640 1129 5031 8207
419 4765 2600 1611 9013 9463 2978 8172 3882 2904 1442 5816 4228 6186 965 108 5372 2590 7352 2367 6390 7632
420 4170 2732 4948 5198 1752 5784 3821 5067 2013 7432 9383 9026 9816 5254 1958 421 1824 1145 9853 4041 5101
421 5341 2902 8841 7087 1353 5365 2651 2320 118 1085 4501 9335 3916 3121 4995 736 7850 1528 9951 7081 4178
422 450 6875 9451 2150 8985 9185 6053 2898 2413 8200 8197 9661 4662 2321 2539 2864 4259 8137 3632 7641 816
423 5775 6101 6324 9848 4093 5003 2298 1081 5514 4562 4866 5428 668 1182 90 6495 777 5850 2207 8617 8462
424 3753 8685 5802 1601 2791 8423 3331 9979 3742 6296 3481 260 5338 6459 4672 2633 1489 6909 5022 7744 6735 171
425 3371 860 1025 6331 6748 1741 7537 5390 5458 5389 4470 3220 823 8938 8854 1798 9306 9708 7260 5868 285 2761 8373
426 1216 4442 8418 1711 9652 9290 5980 3465 774 6935 1125 2943 1750 7331 8656 3525 2907 5554 7614 6115 9727
427 7413 3079 3061 456 7684 264 104 8815 1185 9848 8015 2027 1039 1622 7859 6960 4256 7743 5824 2376
428 847 2666 4765 8711 5702 5212 7652 9646 8008 8709 5178 9761 1619 6521 5083 9819 8234 1225 4908 2907 9433 4678
429 5053 5880 325 3547 9260 1868 82 5836 8423 6359 541 6063 5969 5043 7184 8343 2766 8572 9342 40 8238 3443
430 1149 8539 1429 9281 3576 2 1904 8340 2008 6767 3837 4314 7234 6916 3802 7177 5448 9980 2316 8753 4432 7512
431 6635 1287 5866 133 4056 2433 499 2165 9621 9015 2859 3729 4244 276 9841 3280 5004 4845 6808 9046
432 300 4786 1260 5752 8838 7570 9501 8245 4639 210 2543 2416 834 1796 137 6032 8829 2012 4623 226 9675 1025
433 238 4619 3926 7029 1963 6197 7765 5526 5690 4960 8134 7088 6448 6762 3852 2976 5905 4674 6309 9296 5848 295
434 2414 951 1962 6115 1343 2696 9858 7221 7071 2097 7719 9244 7889 7256 1632 6377 4283 2308 4600
435 8227 321 9842 7542 690 9467 6254 2149 9498 7683 5785 3056 9247 1375 3036 9037 4875 4253 504 8844 7976 6407
436 8498 1750 8920 425 3230 5604 6347 9961 643 1317 206 4742 6154 5041 7984 5534 1085 1016 618 6901 715
437 2986 3932 707 2565 4567 412 1868 5995 7405 6143 163 8341 4801 8014 6772 7447 9971 289 1306 5779 7104
438 7179 3379 550 6898 5848 6492 7970 3371 3706 8263 8365 2946 1369 3229 7253 2501 7971 2716 620 7994 8092 9655
439 4107 4828 6945 2114 6137 6214 6677 494 117 8592 3479 5343 9842 6049 3515 873 7443 2136 5800 4542 2328 7153
440 2662 2480 8307 56 8145 7476 6639 4056 1646 5138 4983 8095 7858 6968 7742 8572 8370 7538 613 3001 6211
441 2666 523 4400 252 205 310 7038 5430 8133 7040 4403 4179 7027 9062 7867 4973 29 2882 9191 2018
442 5446 5902 949 1429 8978 247 8911 6451 925 5163 7124 9066 7596 5677 3183 1884 8627 7682 1801 4350 4224
443 5917 8068 7105 6802 2783 5884 7643 787 8912 2256 2533 44 3195 4820 525 8098 3432 9658 8549 6509 1161
444 7652 2537 8189 2774 8134 6404 7630 9244 5219 8535 8180 6262 140 663 2189 7496 9310 1989 3638 6918 3507 6369 9352 9159 9757 5601 7474
445 8830 2595 3869 2232 2790 321 6770 9692 1607 7372 7769 5206 8453 977 1742 3855 4353 4590 5012 3204
446 9023 5758 6982 9075 5401 6115 8859 8212 183 6566 5111 6203 8227 56 1901 8744 523 3534 2998 8388 4226 7035 1477
447 6465 6391 7610 6355 7694 1050 6403 9749 8055 5132 9198 1586 1934 444 7640 548 8914 5819 4231 4562
448 2533 1668 518 7048 5067 4340 8290 7904 8782 6716 1434 6800 2093 6582 4227 6873 3992 8235 7085 6206
449 2615 6827 9265 5742 8257 5659 820 1741 7087 1763 6737 439 985 5867 3325 9068 4649 4194 3826 7048 7432
450 3395 1391 9004 3982 6054 2414 6376 5150 7254 5362 1329 4104 4223 5775 2782 4333 7977 5208 2183 8716 7274 316 1597 6014
451 2962 4362 7511 7234 5088 4057 1219 5788 4645 8017 8154 8160 9348 9467 5038 427 5010 5269 4854 1657 9457 7179 1558
452 6296 8150 4507 5019 310 7350 934 3060 2555 4928 7737 7722 9139 3690 1183 9237 3514 3276 1656 9272 1287
453 4129 4180 205 7842 3203 3319 6570 2676 7699 1737 7618 4107 5007 2390 3335 9299 4875 6767 702 1747 8905 4625 3066
454 3004 2426 8855 7198 2029 7684 8830 5474 964 622 9414 8081 8384 4399 7770 398 2225 8455 3775 9802 6185 663
455 7266 6827 9649 3798 8507 6198 4845 5581 6070 7136 2106 2811 936 8323 9946 6987 2000 4361 3122
456 2904 3104 7575 5386 7634 6671 901 4320 2414 2660 4745 435 9241 1924 5643 7115 1141 8272 4914 825 8554
457 5099 3023 7519 1570 2085 402 7888 4462 9794 1117 9039 735 7119 2400 8412 5960 3852 2155
458 9299 8307 712 5643 7607 8649 1918 7337 2057 3128 8151 7212 5950 3104 7886 2026 8207 1731 3703 3385 3933 9371 2699
459 6141 761 447 4679 6727 5821 6635 8027 6223 4145 559 2965 8499 1880 6149 9786 9047 9991 9484 3610 6994 5845
460 4958 1900 9374 7755 9055 3537 5869 2597 6428 4349 8622 7435 7362 6942 8333 449 3494 3629 6466 2719 1348
461 9533 1454 1510 7641 3268 3255 5316 3199 4873 8842 3186 6717 7338 2313 9936 6870 2517 790 2623
462 6712 3602 3320 3073 745 1668 5418 489 5258 3840 5151 9042 1871 7875 5702 2566 2532 155 9950 7343 6955 3152
463 4362 3543 3751 2526 5458 9055 5155 3843 6482 8904 3 3297 3103 1084 1615 99 5862 6926 6428 8044 2431 9651 606
464 2983 8284 4104 2923 8210 3141 6554 208 8966 8639 3925 6087 5086 7020 3189 1738 8477 358 8437 3101 5784
465 4176 8092 9720 7615 7007 264 730 9861 9182 4627 6101 9682 714 5244 1833 3996 9071 2586 1751 4480 8125 7252
466 7751 8293 7922 6251 6188 6729 3758 9591 3255 3219 6393 4989 929 5075 8885 3323 4991 941 4547
467 843 9007 7296 8858 670 7599 5810 2265 3304 5840 6421 7188 7956 9296 1907 7075 3035 1098 6096 36
468 3584 1025 4286 5434 9885 9594 2392 1212 8554 6860 836 7720 701 9354 1484 8316 5803 5751 4443 7558
469 135 1223 2383 8687 6269 188 5632 6712 2179 7252 2616 4951 1081 8811 1193 8198 2423 2731 3260 9243
470 1149 4965 155 9688 5006 39 6739 4977 8618 7127 776 6407 178 9423 4695 1927 5901 4724 9953
471 7992 4928 4068 5433 7895 796 3121 771 9499 5408 2885 7773 2744 6310 343 9021 4282 2217 8699 6986 2774
472 9244 6030 2304 3950 5889 4280 1066 5897 2894 9668 7117 8830 9107 1344 8668 3497 2185 931 8032 967 5645 8484 5280
473 3964 9940 8600 9777 1153 9467 6669 7126 2877 2072 1543 9409 4633 1793 2073 2050 5830 2987 7170 299 6711
474 4539 1752 863 2760 5349 5726 4580 5875 876 2842 5885 9840 4625 2014 8367 8090 9867 9358 1713 5435 7006
475 3379 3285 6101 399 8531 8157 2634 457 8343 7902 6150 5359 3677 5855 6787 9061 2638 156 1375 8000 4124 925
476 5715 2752 2986 2198 7365 1686 2164 3077 336 6429 7965 7575 7426 1980 6550 2152 8346 7939 9769 7581
477 3783 3541 2698 7183 2617 6413 9755 5730 6897 8104 7880 1332 8949 4693 9758 455 914 3318 4563 5454 7617
478 7055 1739 2192 1365 9007 7513 9878 4402 8231 4607 6363 9497 2746 6112 934 4246 1299 1095 6792 4589 9130
479 8387 4034 5043 6258 3575 5178 9325 3356 758 6498 1271 8666 8805 4559 4256 3649 8866 1957
480 7699 1083 7146 9848 1167 1546 2895 3547 4043 1411 9292 8889 5440 6440 1953 2820 1795 4307 2869 374 5108
481 650 2327 5964 4354 2910 3533 1293 7213 8683 343 5175 1492 5048 9838 4788 7477 4488 9083 6003 6655 4133 369
482 4180 200 3326 340 8728 4311 6861 8304 6545 6718 8460 4809 6163 5446 6234 2194 656 4652 7215 3645
483 935 79 3496 9777 3160 7896 4728 6320 3596 8935 1248 9069 6653 5651 8888 123 215 77 1066 1445 7841 6068
484 1871 8423 9191 8726 7979 6953 2171 2555 3470 889 617 9302 4454 7530 9625 2874 2180 260 2904 3752 4201
485 3982 935 2867 9995 4020 6616 3865 5581 943 135 873 952 8259 7965 4051 4144 2146 9050 6877 9834 5862 318 3424
486 2422 3936 8333 5553 3894 1295 3543 1067 3885 5848 3520 6232 254 1907 8738 7504 7041 3325 3038 1263 6255 6296
487 7968 5451 3163 4045 6731 8017 7142 2256 5933 9716 8736 9129 8708 6881 4687 3602 9903 9160 4941 4682 8310 6056 5281 3243
488 7845 9483 7615 8686 4341 413 5278 6370 1905 6059 8524 2639 2892 4128 1098 3702 6256 2401 3009
489 2182 4071 5662 7304 7202 2183 2797 354 136 5141 7253 6780 7716 3581 7005 4960 7830 3590 5152 9770
490 9086 660 5005 7929 910 9815 7266 4811 7851 6838 1218 6756 8953 1398 9598 1111 2024 8382
491 7179 5656 5111 9633 2203 6045 4337 8935 4324 8116 3188 4257 7390 6541 9972 6241 4894 4703 1736
492 311 3081 1149 5857 4804 8604 2114 4117 7989 1134 4171 5443 7093 980 4490 830 1272 2770 689 6691
493 1256 1571 2475 254 2382 3102 7815 2057 6062 6173 5861 2788 8766 7479 9938 1658 8250 9704 6531 9377 6797 9490
494 1625 2898 6046 5294 6250 745 7169 3909 5069 8193 9315 5629 4176 6094 3775 1690 8941 5253 5875 9775 9012 5608
495 7456 7012 4959 5507 9107 4728 7467 8858 8827 3731 8580 4719 945 5301 5449 46 3856 5356 5818 319 5765 9119 9397
496 4027 7874 6067 1939 8918 9689 9671 6834 5188 3798 8874 9183 8117 4944 3147 6635 670 6696 722 7046 4969 3032
497 7919 2847 4626 9608 3789 2344 3236 1685 7310 4832 6915 9821 5920 6932 2321 4234 9798 3787 6256 9721 5020
498 9139 9834 9757 9965 2292 340 4060 9330 6477 299 7180 6834 8181 2965 9217 1870 1136 8558 7208 2255
499 7864 1774 863 6409 7742 1289 4414 987 441 8787 330 9080 7045 4193 2867 5956 5360 2431 7044 9890 4352 2275 3781
