500
0 5152 7522 9510 9224 9993 6953 139 8428 3117 2479 240 883 2548 4855 2236 2719
1 3456 8994 516 2985 9706 3883 6027 2925 6350 5614 6895 1457 1354 719 1105 2962 376 8987 5661 731
2 9184 7909 1639 8092 138 3723 4393 6158 2062 9007 6613 920 155 3484 6875
3 4035 4326 7754 427 537 6681 752 5085 7986 6579 2354 7413 3670 2768 761 7197 6783
4 1380 2694 6535 3079 1577 5195 6903 3885 6959 79 5715 1879 4216 6201 4987 9852 4765
5 676 4133 582 2180 1799 1897 8105 3243 4076 7980 5445 4326 3664 9649 7474 5143 917 4151 9597
6 2688 961 4450 7937 5445 8520 7279 4176 5427 1299 3419 7486
7 5412 8965 5766 5517 270 8175 5520 945 4594 9487 8212 3447 120 9211 6364 8989
8 9856 9056 3074 6187 844 2126 8399 5103 7953 9839 5523 528 7736 569
9 6176 1665 477 4840 2089 4585 7274 6030 3056 2130 5363 8307 5400 6525 1246
10 7968 8481 3074 1027 7652 8645 7495 1064 2584 9007 850 5112 2494 5663
11 7713 2083 5127 8872 3562 6188 3758 9583 5880 5714 9365 4821 4984 4444
12 7425 2 4099 2340 71 2992 6609 5522 1299 2676 7701 9108 7544 7517 1598 5503
13 1600 4645 2631 2028 1613 5550 4463 2288 7090 3316 5046 8216 5177 8735
14 2240 7233 6882 3333 7784 5578 523 5548 7629 7438 79 724 9172 4312 5178 8861
15 7841 9889 9445 711 4071 4778 267 7213 3981 4367 369 4915 9146 6428 3294 4478
16 608 354 5826 1189 9862 7688 105 970 7152 6227 148 4341 5462 214 6938 2491 4671
17 8352 9703 2760 9863 5644 4046 1233 5905 8241 1043 3926 3991 1017 4253
18 3936 4357 4838 7659 2573 4754 9653 1976 9785 9787 8637
19 9313 1765 454 5483 6253 3054 847 1695 5679 2288 7219 6549 4761 6938 2044 1309 9791
20 320 8579 5126 3270 296 935 3821 1663 624 2191 2770 5583 9716 6258 5083 5567
21 3521 503 3812 901 2276 3591 9733 3977 8554 108 7949 2447 4402 5748 5109 7415 1625 3772 1533
22 7680 9348 516 7975 8586 7818 427 8749 1006 7543 6492 5182 3103
23 9248 4225 7042 5122 2240 9351 649 458 2058 3789 8432 8562 8627 1176 765 2495
24 6818 291 39 360 5783 652 2701 4301 5869 6353 882 3031 760 1628 5437
25 9059 1827 3299 9219 3463 1992 936 6021 5680 6613 728 6745
26 7968 1956 7846 4775 9799 5543 3018 587 1901 7949 8116 1270 3096 479
27 3363 5195 3404 559 7475 7229 2197 3126 4884 7448 9593 2109
28 5856 7360 4386 3333 9511 9159 1577 9611 7022 9199 1430 6935 3894 6491
29 3616 9409 2211 644 4968 8767 2834 5363 183 5977 3615
30 5825 4994 1574 4103 3371 6092 1006 7088 3121 9683 6452 84 6196 2741 2938 4252 9247
31 5986 2691 5508 614 8491 304 7185 6967 2648 6650 6878 6879
32 1888 4417 4195 9159 297 4332 1649 3442 2545 6492 7967
33 9953 2 6691 2150 8391 2953 2922 8781 4561 1394 1556 4501 1047 5339
34 1379 1574 6503 8138 8461 7469 7438 5809 5043 8307 1686 568 4985 7643 3037 5662
35 5667 5155 3747 6020 1383 8329 8841 491 1804 5964 4080 1105 6739 915 499 6454 3383 5941
36 9440 6946 7363 450 6758 6056 552 8075 6763 4077 751 9423 7443 6836 9013 1176 1694
37 9537 1250 387 6534 4263 1226 5131 7949 8272 5456 5624 7802
38 7938 3240 1451 5402 6546 7924 1302 6327 8664 154 1055
39 6691 9796 1476 4390 935 136 4521 3017 5097 259 8014 4558 5075 5847 1567
40 5920 4035 7364 6823 6951 5069 5711 3536 2962 2613 9014 7962 1789 5119
41 2082 5858 4901 9895 5611 8781 6554 6395 9405 1534 4319
42 7843 1414 6183 166 9483 8588 1905 2962 8410 29 734 8351
43 6978 4675 8163 2946 3064 6698 8331 5163 2000 9533 82 2771 1620 2962 6134 7063 3544 1627 6013
44 2424 4805 8644 3656 2380 5779 5652 2549 6134 1878 5176 3540 8350 4318 8766
45 1602 3043 2981 7755 6444 1294 5649 1937 3672 1881 412 7134
46 8032 3074 7625 5801 9710 6608 4209 3793 6003 9139 3829 2288 8600 3195 3807
47 4128 4580 3429 6342 5672 7880 5902 3376 4308 6869 1494 116 2745 2203 62 3999
48 9568 7424 3649 9312 4901 7718 9798 7 5445 6507 7885 4434 7187 476 8221 2175
49 3873 9732 3748 199 1611 4527 7120 9905 2013 9397 9691 3928 3097 9274 5179 5917 1822
50 2498 7682 7426 421 259 3815 3368 9418 2288 1105 6167 6196 6549 7223 6616
51 961 6501 8903 7880 1607 2730 1195 9482 6640 4304 1299 5078 3895 9367 2426 2109
52 3936 2433 2465 6115 5860 5194 2539 3691 6379 9079 3249 3506 2071 9655 4632 7675 4668
53 7709 5923 3876 3397 3012 1674 2186 9292 4301 9739 7153 3796 2389 6964 2365 2909
54 2950 2634 9068 6572 3759 9265 1950 1718 9019 3774
55 2816 4386 5251 1282 517 1668 9386 1867 2412 5554 8498 9818 310 4759 6101 9466 5307
56 5152 5345 613 2533 3851 1708 5676 8303 4659 30 8568 5437 9757 4542
57 2882 2757 1066 9643 6988 4524 1452 9776 2736 3101 1363 6067 3797 1398 6482 4888 6327 9244 9885
58 1123 7910 8971 4363 3885 7439 4735 1328 6135 244 7125 9367 8223 4991
59 321 6626 3714 2441 4010 8523 972 4431 5396 2422 8183 5242 573 7327
60 6275 1571 3012 7912 8714 7355 8461 190 9111 7121 3758 8980 1686 4822 5754 6587 8060 9342 1695
61 2818 2595 740 4388 838 9351 1834 9007 913 3539 9364 7925 7413 1299 6232 4314 9083 8637
62 6048 9566 448 5958 925 3471 6896 6961 5715 9845 4791 4253 2462
63 3168 3936 3362 1476 9577 6730 9803 9199 6514 2227 1652 2998 3002 5565 1695
64 8739 6948 6692 5962 5611 3281 468 7384 8890 798 9695
65 9412 1509 4580 8167 600 7117 8173 3982 5840 337 4883 3992 3128 4924 7069 8671
66 544 7329 6018 8067 7105 6370 2240 360 1352 3887 7153 3762 6259 4243 3894 2555 1311
67 4512 5027 8131 7941 9726 9129 5805 6029 5135 7759 6545 6101 2454 2555 1979 2590 9759
68 161 3426 321 7013 1702 6733 7245 718 205 5073 5458 6997 2967 3802 1978
69 1349 7367 8649 9545 2859 653 2830 4079 1774 273 3923 8789 5494 4728 8090 8828 7358
70 226 6116 5384 648 5546 3051 2504 6640 976 7218 2357 2683
71 1984 9407 8419 550 6953 1705 9389 7153 2963 5683 2485 8531 9529 5437 5533 1982 9087
72 8064 3747 4740 9318 2759 3786 9199 9811 9781 9013 2777 3706
73 321 5155 1285 8363 5804 1260 814 7949 2288 1299 3510 4118 8984 9014 5626 3963 5789 5887
74 4322 2 8228 8805 5189 2215 1928 8743 4135 2121 6938 2555 382 4255
75 7296 6241 4710 2985 6506 1004 5869 6062 9743 7247 6672 7986 8595 8306 79 376 3707 4540
76 8768 3780 4965 1253 2951 5414 3012 4042 9199 3791 1621 7709 5119
77 4961 4007 2727 6057 7847 6831 5744 4624 7602 500 7542 4247
78 3936 3041 6213 5446 4326 8425 9545 2703 3600 2225 6652 6938 6076 5757 7391
79 3936 8162 3298 3172 1220 3689 6060 6062 9266 4178 8916 2101 6229 8023 979 7699 2491 8476
80 5412 9061 871 3015 9721 9133 2671 4240 2703 6547 2681 8123 5886
81 8195 3588 6153 7567 1309 8614 7221 7351 9147 1979 571 8130 7747 9295 6871 1888 6369 3173 7526 5230 2676 5880
82 2 996 6376 6826 7629 302 8624 6961 316 8413 8383
83 3650 2690 9700 4837 3363 3021 6639 8208 79 4018 338 5754 8507
84 8707 3012 4965 3816 265 5609 8527 2256 3636 952 8313 8604 831
85 89 3074 7075 1091 9317 8972 2508 524 8913 5298 1721 1236 2962 7321 8698 3486
86 5925 4525 1553 7218 851 3006 6133 5846 8952 1882 956 8125 9566
87 1889 6456 1345 8260 1000 6153 2699 8143 8467 5429 7543 6524 7228
88 5537 66 3012 7721 6537 1547 3980 1678 3888 8753 8920 3353 5468
89 1218 4739 2530 9093 6115 6055 3015 3504 8113 7888 2707 9587 1108 5175 6423 5880 250 6621
90 1280 9060 6757 5030 5705 809 6635 7852 3982 9007 3153 1458 6258 2326 4475 9087
91 4708 3781 1734 647 1416 9513 2340 3692 5743 788 7445 820 3260
92 8033 6722 4995 7233 4326 1383 429 1296 4148 6357 6774 5431 4437 863 2555 1243 8028 7167
93 9664 6465 7044 2981 6693 8295 9834 5835 9133 655 2288 2291 2643 9047 6232 441 1850 8125
94 8640 7043 1224 5293 6189 8125 9459 276 7861 3830 1881 7837
95 259 8004 5477 8647 5447 425 3855 3666 3797 7926 2585 1663
96 2752 7713 8514 4583 8935 4105 1646 7504 8977 84 8921 1495 5529 6270 2494 2815
97 6624 2983 9288 7816 4780 332 4912 2099 1715 979 4284 5469 7327
98 8960 3297 7523 6404 2138 7279 7153 9657 1914 3867 7454
99 9056 673 8898 2404 8900 9576 4808 6606 6355 4181 9081 5885 4158
100 3169 7491 3683 5797 2563 3655 6119 1320 5386 8268 3661 5583 4176 7153 9138 3860 1557 4444 4159
101 1793 4995 8580 7909 4199 6089 7210 7438 9711 7762 8597 7510 2070 3288 6332 9693
102 8610 5794 6180 9445 550 1800 7914 2986 9488 6353 5809 5715 6743 6364
103 3074 7747 3812 7972 3267 1479 9990 5389 7693 9997 5393 5873 7506 2643 8021 4253 1078 7193 7965
104 7652 2406 3594 8779 2506 6637 8267 3371 5552 5331 7956 2100 6780 2143
105 706 4035 1668 2 8583 3722 5962 8460 1327 4880 5391 9428 8280 1146 4158 5407
106 2532 3398 712 3163 9388 3182 6351 8208 496 696 2203 6748 2877 6590
107 3587 9731 4199 9161 1513 9419 6857 8812 1455 5359 79 9138 5043 854 8246 9215 1343
108 5347 9477 6022 9413 8134 8747 8140 8396 8367 8815 1777 3119 9007 6613 6296 1882 956 5437
109 321 4066 8638 5797 9381 2404 9510 6404 7884 8780 1745 9170 1331 2396 4124 3230
110 4867 3908 2567 6378 4624 8785 8721 2288 6650 3739
111 2657 3802 3427 4612 3943 3114 4013 1391 847 2643 2006 7318 8536 2329 858 8861
112 5504 7586 3525 4774 3334 7525 3946 1195 6509 2798 8431 4848 6961 79 7603 3987 7573 6712 5339 1183
113 2240 1316 5445 7306 9101 2190 3087 7185 9011 9400 3549 3902 8511
114 640 1091 6020 8743 5000 3595 7307 2483 3251 6102 566 2169 2875 5084 2430
115 416 3584 4354 8964 7429 6891 2125 6125 4015 9457 7954 8850 8308 6676 7413 8471 946
116 6914 7652 7877 1510 1479 6631 4265 8617 9573 5064 1070 3287 1626 2555 157 5182
117 9600 4097 321 291 3012 3653 1668 4938 2796 2641 8211 9654 2008 1945 7963 3870
118 3649 7429 169 9673 6924 4402 1555 1717 5525 3351 1304 9241 7709 2463
119 96 5312 9929 5036 3824 6899 6964 1044 3542 3961 5466
120 5280 6496 7713 1125 4907 2126 5584 1682 8627 7893 1942 1847 1401 6908 7870 2623
121 6881 7173 4166 3655 8069 4377 8943 79 9459 7540 6355 3286 7699 2643 7353
122 8193 1762 2275 8196 7429 8522 5836 7438 367 1136 2904 949 6837 7414 3768 2037 1052 1790
123 7076 6743 4136 4296 5195 7949 2158 4560 8625 3538 1719 574 5375
124 674 8994 932 9764 4797 1835 3310 1134 8241 530 7038 5016 9244 29 286
125 6273 4289 5219 2788 7525 325 5446 3848 2 812 5581 6480 5808 7833 3611
126 3232 321 4291 8357 7112 624 6258 4531 6770 7573 5110 8822 2038 3739 8348 2462
127 8198 263 6249 9609 8620 812 1774 381 2548 3933
128 3744 930 9156 2085 8206 6799 2737 5073 210 7058 3735 8574
129 8672 3746 9316 5220 7 2920 5930 9451 7153 3285 2582 5749 1205 6390 1080
130 3042 6823 3149 2576 7249 2864 7603 7762 6041 6010 4541 286
131 1443 6952 7784 4620 7792 4721 6547 5715 2263 8216 5209 6938 4671
132 448 8385 9027 745 1002 9770 4298 300 2121 9007 4466 8247 3962
133 1376 5251 2214 3693 1180 2293 4538 827 8476 6718
134 2500 8806 4039 3563 4716 9453 7120 7413 214 6263 5816 9690 2077 2264
135 8965 7699 2202 2586 7194 5660 8225 8738 6054 2858 2986 9921 4035 5962 1105 1763 2278 8298 3050 1272 5244
136 4803 7561 3386 5307 7758 4559 6415 8566 23 1302 8538 6302 540 4830
137 8704 6624 8483 8967 7736 3982 4688 3700 8152 9018 4830
138 4641 6434 4513 2 4326 4553 1226 2825 7086 6223 1071 7406 3028 2229 949 5848 3673 8125 2232
139 7072 6563 4996 4172 1356 4431 915 4182 8090 4987 6686
140 6370 389 6470 4807 7880 7849 137 8491 364 8684 1359 1871 9169 6708 1785 5880 4569 7709
141 2401 2 8644 423 745 7114 9546 4619 8594 4380 9366 2364 5245
142 2240 5032 9752 8010 139 4971 5838 4399 1328 3508 213 7542 1623 8216 5628
143 6917 1734 8390 7400 4314 6637 4558 4591 3693 2734 6290 8209 8758 3194 475
144 321 357 136 7240 7880 3660 9933 16 6065 8722 3412 5429 3097 4891 9148 638
145 3648 6275 3716 9988 7043 1191 9933 9458 7763 8279 1048
146 833 1602 8994 2054 6375 935 3113 5741 5871 8464 2512 6224 9171 2643 566 5462
147 9283 2501 7237 6972 8361 9194 8571 8213 4855 8059 7164 5950
148 7328 6049 3267 1733 2281 2569 3374 8337 308 4629 7606 9015 6072 6042 8188
149 1633 8453 5862 1289 8010 2409 2638 8174 79 9329 5490 341 4855 7290 6299 29
150 4837 6565 5607 1640 4841 2346 6986 2188 9545 4878 2258 8854 7383 6488 4123
151 7206 8904 1737 1353 4395 2125 5232 5202 2258 1362 632 9244 5341 7903
152 8897 6084 4325 5962 8459 4560 8786 6646 1977 9855
153 6273 8994 6691 8675 6309 2595 140 9327 3727 6034 3602 2194 8948 9842 6613 3642 3227
154 5883 8193 8740 2727 9558 8278 569 2843 2748 9565 7807
155 6144 2369 9636 773 4970 3147 874 8844 6478 5422 4304 8722 3378 2615 5277
156 3074 7239 9224 5869 2351 4752 2417 1424 5360 49 1811 5206 3894 7153 345 9146 8699
157 3074 7163 1032 9897 2152 5290 9900 239 1045 9755 2395 8408
158 3776 8966 3015 6793 5193 5929 2059 9451 4809 4175 2191 780 6258 6547 7153 4791 3064 7578 447
159 259 9573 9671 2120 4490 3787 2956 1450 3672 9968 4565 4183 5880 7289 4988 4189 5023
160 5666 5762 8676 7147 3885 9774 6607 592 7026 5881 2078 1657 8125 6974
161 3936 8899 3843 7880 1163 1357 9006 5677 6385 4370 9395 4657 4054 7258 8125 3871
162 449 3715 4483 6170 1956 5434 8973 7214 2353 7223 7482 8861
163 4224 6178 1639 9032 9129 1611 301 8943 3311 9871 4306 9075 52 6676 1942 9007 8861
164 2915 1353 9545 2927 277 5342 1626 4955 3132 1021 5310 9311
165 8993 2470 2472 6636 2285 5430 4183 1114 3902
166 1145 3362 5762 4345 8264 8937 2602 4586 366 5006 2224 2385 625 9395 8793 2458
167 741 5158 3879 8264 6953 6478 6063 6834 5683 979 311 7642 8989
168 2465 2434 4985 8583 1223 3241 4906 3502 3630 3376 2962 1109 2583 7865 1532 8510
169 3392 1984 7682 2 1606 3209 8683 2061 9934 211 1982 3958 1208 3261 670
170 4131 6918 3536 1682 7155 148 9023 982 2457 1821 8255
171 1761 6338 7171 6054 7947 5677 7118 4462 6931 3892 8276 895 2111
172 2560 9696 963 3111 4647 490 3018 5548 77 3596 2607 3061 2934 8150 6613 2074 6653 1343
173 5345 4356 5765 9959 7690 9450 427 429 1298 7965 863
174 8960 3877 8934 5574 7174 5867 8748 3404 3438 8429 6000 5715 437 887 7997
175 1865 2925 1071 1361 7761 2547 2996 8949 535 9816 5240 5789 254
176 3653 6599 9321 6793 3721 6044 5230 208 7216 3602 5717 3125 8407 3320 3894 1020 2622 8671
177 8898 7362 9571 5258 4442 5582 1423 3728 8851 8084 5140 822 5786 9085
178 259 7940 8486 3462 3048 7742 8522 6381 3918 5371 5873 2329 4859 2302
179 3104 9920 6615 9988 3379 9867 7791 2256 8305 786 5331 1938 5589 4463 3095 280 9330 6134 7029 5468
180 4739 8807 7559 361 7816 8462 9007 1134 9041 8213 3382 6613 5465 7870
181 6369 321 7652 165 9930 6573 4463 82 5715 594 7062 2006 4761 4380 3454
182 4258 8390 1194 1548 6575 4624 1650 2707 9816 7642 8763 9820 3069
183 2880 7296 8072 6315 7213 5744 9392 5012 8021 5781 9595
184 8866 518 9063 5416 2118 8703 2327 6514 9239 7320 7322 7804 5407
185 2240 5379 6341 1125 4041 9450 6955 333 2640 339 4180 3605 725 3835
186 8480 6693 3622 8424 6410 4942 9134 1007 8436 7575 1948
187 8994 7811 1767 9738 4108 9229 3377 5622 7190 2904 8699 2779 831
188 764 8580 8011 139 7185 7122 1106 6673 8245 6646 1686 9139 2329 2962 4123 7004 9533 1310
189 5952 7329 321 2404 4229 870 2695 1000 9991 7949 8911 2897 6487 9593 4797 3742
190 5153 6541 5486 7023 79 2645 2997 182 2550 6428 4572 3613 735
191 5601 4485 1318 9733 1534 9482 2669 4501 151 2904 7001 5722 3934
192 4352 8577 8002 2308 293 5509 2055 9733 9197 6447 946 4083 9554 6482 9657 7261
193 7137 5957 9094 5445 3785 7789 9230 79 6547 6231 9592 538 3324 2845 8543
194 4896 5603 3012 5606 7558 5483 427 1777 1171 7923 1657 318
195 2432 1698 8836 7240 5353 395 1611 3895 3982 8080 433 4310 2231 9270 3032 9722 2939 7775
196 8288 7489 9121 3877 9800 5611 5580 9711 243 3543 2296 3481 6522 3356 4286
197 8960 321 5285 3081 1834 5710 9533 1428 5941 3252 3387 9437
198 8644 3558 3303 924 3370 3467 5869 847 3376 2834 147 6389 5144 955 9244 9533
199 2177 7105 2628 9094 3144 7465 7997 812 6349 2190 1774 6385 2418 4626 6037 662 8375 3997 638
200 8514 1348 1319 4808 3884 4909 5869 9935 2687 3857 2872 9533 7453 287
201 8384 2240 8130 7239 9960 935 9706 8014 4558 2225 7218 8275 9204 4696 2365
202 3461 5706 5100 6925 1327 6672 2962 6709 3829 9013 6905 7738 7899 9215
203 2240 1153 4419 3013 7144 4808 3338 7210 6925 3758 9968 2300 5141 8982 7160 2972 3005 5855
204 7493 6216 7659 2061 368 8817 2288 9044 1881 7130 6938 2431
205 2272 2017 5534 5251 2340 8134 7943 8387 9899 3147 734 7853 3409 5234 5810 8471 9465 5726
206 2176 4257 864 8739 1764 6020 70 7304 10 3309 6101 6550 2745 8186 6175
207 0 3297 9440 2405 8358 2318 1840 2962 4531 9080 8793 5146 7131 8153
208 9539 260 5829 5962 9995 6765 9965 4495 8370 9874 9556 6426 3710
209 321 1317 1574 2823 9608 8710 8810 8005 2986 2381 5229 6545 2962 7314 5204 308 9243
210 5729 3714 321 8994 6694 3529 747 172 4538 7121 5044 1429 1178 219 9407
211 6121 7787 2155 173 237 8143 8240 9626 2962 9685 8986
212 2368 4769 8512 6691 7459 1549 142 3119 1200 7122 6547 9301 9688 4734
213 3841 8738 6534 233 7274 1387 3084 1357 1773 7153 9331 7252 1813 2711 183 2398
214 1989 2342 6311 2217 843 4684 7213 2124 9837 2672 915 340 5592 5914
215 2401 8999 616 9224 1930 9675 2572 4045 8170 9003 336 2129 9522 2155 6547 4214 6457 3836
216 9313 7490 7715 6529 674 9250 9483 8269 3315 4501 6231 2519 1757
217 4224 9348 3012 935 2107 8106 107 3501 6925 4786 9139 8084 1142 4665 9882 5179
218 6971 3543 8131 1987 230 4937 7883 620 1805 5708 5307 3376 337 1139 3894 8119 8827 8797
219 6170 6919 7240 1161 935 331 9259 6607 6096 9585 3762 2868 6454 9593 8858
220 3840 5665 5825 580 6404 2121 7404 4558 687 847 7762 9331 8851 7029 6039 2169 794 9467
221 2979 8681 9292 142 5359 4596 2453 4982 4023 4341 5401 8989 6846 2111
222 9376 4097 8544 4801 2392 7909 3877 9959 3819 463 2962 1622 1398 5400 9499 2685 1854
223 321 4869 5351 9864 1386 3312 8241 2837 2709 3543 4985 8954 3580 2781
224 2913 3202 5478 4855 877 1710 7503 146 7155 5492 8404 2871 3256
225 2240 6880 3905 5029 3877 3144 6827 3340 205 3502 7149 8464 3153 7069 2835 9044 7991 3099 3964 1335
226 7652 262 1735 7338 5836 5389 2673 9106 1299 8117 9622 247 3801 4347 3351
227 6794 1964 1807 4527 1201 9650 3378 7732 1077 725 2327 5691 4795
228 7575 2945 6467 8740 9413 1375 6527 6020 8332 7699 2197 182 374 6840 7389 4031
229 8644 5382 1639 6439 7537 6706 9650 2234 3643 4508
230 6368 9088 321 419 7945 491 2768 7762 1908 8918 9948 8287
231 2464 1920 3586 868 8295 7976 2538 5515 366 8689 5842 5011 7153 3645
232 1058 643 9956 8358 7398 7786 8717 8718 7889 498 7699 9781 4086 9301 5630
233 7140 4293 7685 1861 6982 8005 3242 2892 5776 6320 8405 5017
234 5504 8224 6082 679 5322 650 5485 2286 7503 7314 8915 1620 6260 2649 798
235 3936 1379 5864 6826 2959 7058 7219 9502 7999
236 2240 6625 1890 2212 1353 6316 7470 4431 4496 2902 4599 2076 605 3103
237 6337 3715 5125 5738 1358 6928 6101 7736 539 2426 88 8796 6461 1438 9823
238 7648 6114 8069 9999 659 6005 2614 86 6613 4409 5884 3837
239 8224 3232 9858 9667 8615 9688 8619 6667 1972 9398 9686 3608 7065 4636 5437 7615
240 7556 5734 9895 6698 3211 8718 3122 532 5621 6613 27 6078
241 9954 8227 1893 5446 4364 4111 9360 2706 1139 8276 1205 3094 447
242 9956 3012 2055 3625 3163 8156 4908 1678 727 4987 8444 6335
243 8384 3193 4929 2182 200 7883 9132 7117 3150 4302 3697 6548 3416 2233 3035 4381
244 7681 2148 5829 3846 7974 5450 1710 7087 5966 8081 9848 7770 8443 4445 1246
245 6720 8033 5762 7235 7655 2413 3988 6740 1558 9694
246 8160 7296 805 935 4746 4426 7852 4015 8911 977 9842 9843 1046 1558 3929 1562
247 8995 6531 9444 4264 9160 1515 3535 9168 5651 1908 8596 5686 340 5752 5049 374 9244
248 1984 3012 4714 650 44 3724 3118 7918 1774 1586 2962 6516 8501 8957 8734 9471
249 1150 3012 5738 9067 8330 8653 7726 3442 5748 6522 6205 7034
250 1668 5705 8906 6985 7340 893 9007 8274 4923 1788 4477
251 6176 9474 4899 6082 6663 5419 6507 427 3537 4051 6616 9818 4988 1181 510
252 4353 8674 6690 2919 4296 2475 1164 6737 7699 9527 4568 3643 5085
253 8994 8484 4327 4743 9579 4366 5422 3982 2704 979 1716 7028 2550 4856 220
254 6786 1637 969 2379 844 6318 6832 3505 8185 3770
255 6437 133 8774 8887 5962 4332 9102 9968 9715 6810 312 9242 1436 8029
256 3543 8068 4260 9702 5831 3336 6601 7 1676 8942 7698 9139 4855 7480 6937 1435
257 8673 193 6721 9926 1063 8263 4456 5287 3463 6054 3086 4591 9487 9968 4470 574 2175
258 321 7811 6980 3012 4486 2248 7817 2345 7949 3838 4720 2288 7186 2611 5532 7006 9503
259 5216 2818 131 1636 5094 1287 2790 3978 2701 2417 3867 5919
260 2147 3973 102 7111 1670 4649 5961 300 8526 7762 1267 2962 6517 3126 5209
261 4641 8708 7591 329 1868 8109 4334 2547 6739 2005 7318 6613 7322 9244 5405 7581 4159
262 4448 9569 9828 8261 6216 7276 3214 1710 3982 5266 5557 5686 5146 5117
263 8609 7302 7879 2822 1070 569 2160 4466 6611 7350 7256 1657 6012 541 5886
264 6848 3681 513 1824 3745 2536 4908 1740 5166 9295 9007 5041 9968 8758 1052 765
265 8513 6370 5476 9898 4331 7948 7438 79 400 2417 2903 8376 7195 3806
266 8716 6030 9744 6424 538 8994 1195 686 4661 5690 5179 4671 4032 5825 3784 720 7251 8157 2155 9968 759 1276
267 5185 1348 5287 8904 3625 4314 9963 395 8337 754 7797 759 8408 8954
268 8864 1664 8389 5515 8172 1007 8016 3121 8626 9968 7762 3864 4985 7162
269 9923 5379 3941 3081 1771 6412 5006 2191 2288 1201 1809 7445 4057 4251
270 4258 4998 2119 2183 8744 7975 200 5296 1040 3667 6260 6133 7772 5917 8831
271 153 675 5956 7459 7078 8741 9930 4887 2157 8495 2485 3415 6008 3609 4510
272 7073 5062 4137 6538 7660 2892 9711 5392 7697 8018 3541 1625 412 3837 3615
273 2499 867 9129 6762 588 4814 6863 7984 2993 9073 8118 6934 4060 8535 7231
274 8768 6562 5795 8484 3140 9702 8074 8188 6028 8722 8595 3894 4187 4284 3005 2175
275 7709 7779 1636 1668 3210 1586 884 3030 3606 5561 1437 191
276 544 1537 9700 3785 7660 3726 3344 5040 5521 276 1429 4055
277 833 8387 2596 5961 7806 7627 4523 1259 1902 7545 912 6992 3377 7919 79 7353 5850 4029 7902
278 4832 1883 5634 997 2437 9259 3244 8043 8750 5880 2930 5554 3894 2680 219
279 385 5442 3394 6917 8101 6187 9003 5005 5998 3758 2878 1937 8209 4341 7607 3320 1978 8413 8862
280 9954 2885 4710 4039 6569 8940 4749 2892 6863 1072 529 7537 6550 3703 8470 8858 379 7197
281 5408 2754 4901 9959 3464 9102 626 4819 2228 9557 4597 5247
282 4769 4033 321 8389 2630 7910 488 9804 5038 1871 79 7547 8085 8054 3735 155 9887
283 5024 97 7298 8263 4328 4429 7885 7949 5360 3320 2235
284 8391 6888 6763 8332 587 2798 3825 210 6675 9716 4693 6260 502 1212
285 4546 6851 1571 4484 4806 9060 8293 720 2014 88 7545 571 2492 4158
286 1024 321 2435 3907 4142 2640 3610 1044 3959 1752 7769 8762 6236 6360
287 9505 2850 8742 2279 427 4014 79 7153 210 4532 3189 1238 1242 4829 3454
288 736 3776 2240 2499 868 1763 9350 1673 7467 6123 3853 1996 3599 4824 2962 5208 5211 8221
289 4416 3297 321 8099 709 4199 4362 6507 7371 2155 2986 4851 6420 6547 6101 6362 8187 3805
290 3936 5637 810 3947 5007 3762 4116 9366 9305 5595
291 6560 7296 5219 1517 366 2288 8819 2900 8276 8630 2199 8410 6715 2429
292 1925 4966 4421 741 1325 562 7123 852 4020 5048 3001
293 4577 6666 9547 2764 1677 9615 115 9075 9430 8057 9210 3195 1692 8445
294 2296 8701 1091 7939 6024 7593 6635 7308 1394 2680 505 539 93
295 1665 2562 8451 7009 4582 1639 2029 4910 2574 8240 1042 9524 9948
296 1984 3745 8033 5737 8588 7923 6005 1877 9529 3418 3390
297 288 2562 1732 7591 7688 2120 5607 2699 1423 7248 8175 9968 3032 989
298 2721 4422 8806 2858 9035 8810 9930 5458 6205 3253 5271 5181 6654
299 259 2948 2085 1567 1581 9485 8431 8785 593 854 1943 6588 1276 5533 5151
300 2685 7078 7782 8204 5869 3983 3152 1456 9808 5235 1940 3408 7795 8183 1081 282 9308 7965
301 2976 2622 4201 5418 1134 5582 7664 7377 4981 6231 9848 1309 1150 575
302 65 5447 9415 7307 5838 8303 2415 2192 1202 2128 9364 9241 2555 5950
303 1632 5155 6340 5543 6221 750 6511 7737 4528 1078 7641 5146 4347 735
304 2169 611 3524 4778 1997 7598 5553 8722 2803 1075 1785 3350 5240 2457
305 7617 8134 1352 4457 5610 3275 9389 3789 4909 5044 5525 5493 5013 7253 6428 6429
306 418 3016 716 2701 7055 4784 5906 6102 5815 8664 5562 6938 6398 7935
307 2215 3306 3037 5428 1364 1078 4437 6327 6586 2140 4189
308 7426 8098 4421 5991 8487 3210 1962 6540 9580 2858 3153 9588 951 7164 3229 8447
309 4225 2722 4867 9955 9637 6181 7946 7438 6545 243 9532 5783 6170 4027 7804
310 2213 4646 2215 5256 9989 8005 9675 9931 720 6547 5557 1239 8287
311 7840 6626 354 3908 1414 9255 1287 7723 2521 5691 6748
312 1410 8387 9028 3012 6312 6154 1935 8976 6705 3154 8056 788 5748 3926 4280 5563 8284
313 6402 7044 3077 4230 6537 5389 399 8212 6808 8231 6320 3894 699 4550 5715 1752 4827 3172 9831 8167 4199 6762 6379
314 4897 5127 6279 8269 175 1297 723 827 6876 8125 4511
315 2240 6628 8517 3207 457 8682 8074 2476 8043 4561 2962 20 7220 6422 9654
316 9728 9889 9065 4972 5871 9392 2327 2296 7577 3418 2780 7037 7774
317 7840 7169 3682 8036 3077 8041 2249 5962 7469 3758 9362 7676 2327 953 732 5885 7806
318 8258 8227 1540 3525 7525 7110 574 3836 2 4107 4304 5779 436 8343 2460 3037 3454
319 132 3358 6560 7732 9526 8632 1336 321 6594 7874 1348 583 5327 847 79 979 5715 4703 6628 9453 6639
320 2785 5507 9156 6693 2087 9865 266 5522 2963 3794 4213 8922
321 7232 7461 935 265 3184 7859 2900 5398 2263 4279 91 6588 6717
322 8290 1893 8358 7463 5992 6920 2655 6511 2962 2611 2294 3830 984 5401 8443 9276 6461 5502 2751
323 7362 3012 1637 5159 4328 8458 9420 4688 9521 5433 2555 8061
324 7265 8994 6468 8293 9129 8426 202 4812 7021 9485 4461 6035 3383 9050
325 3973 3144 7692 6797 1198 79 9181 2386 6066 5587 9842 2776 9725 1950
326 9986 7362 196 2469 2533 4199 2509 6542 2161 3604 4344 1851
327 322 1956 3900 935 1916 6538 6507 7116 2221 4270 7409 6132 7606 6105 6778 8732
328 2240 3841 5348 9924 8678 1383 4970 554 1420 751 8368 1839 8753 3188 3068
329 3776 9505 9282 578 7361 6437 5958 9255 2343 8457 2240 9968 4147 949 8311 3864 9370 8925
330 8416 5762 259 8004 6149 4901 4871 5412 8297 2313 8587 329 1135 2033 372 3125 6101 9273 734
331 7110 390 1448 7020 2736 4530 2068 9302 3095 6270 8508 5246 4159
332 7296 7652 5093 3238 144 9137 1906 7155 2805 7414 9013 4089 3388
333 224 8352 7362 1603 8800 7585 4873 4651 5997 2289 4755 4211 1079 8888 2393 4223
334 5568 7393 5571 5509 9641 2191 6863 7921 1405 7699 8088 6042 3677 9374
335 7040 8994 3014 6889 4364 3764 4693 1909 7638 895 4020 1565 9823
336 6242 7685 1157 3561 3753 8011 5099 4558 847 9648 3982 9842 6611 3896 4569 191
337 8674 5859 231 5960 3434 7340 1581 9615 5401 6938 6972 1982
338 7584 131 452 3592 204 6541 8462 9075 7254 9815 9624 5882 1179
339 258 5704 1929 810 6554 8786 468 8116 8183 2744 6265 9626 6911
340 2240 3877 3691 2735 6161 1618 2459 8628 53 9207 8920 3865 5754 5659 2874 5853
341 2436 1770 4042 3626 4107 398 8722 8051 9140 9108 2431
342 3619 5507 8650 7628 4623 2739 5748 2773 1431 7481 955 8253 7358
343 5697 33 4035 5829 6794 427 8302 1838 9966 6166 4635
344 6558 8714 267 7021 5307 2290 7413 2614 4094 2458 1115 3614
345 9760 5797 6311 1130 715 5964 7762 5747 5429 4253 3193 1307 7901 62 5983
346 4352 3073 8195 4485 8613 7847 9674 4941 8814 9263 8081 2802 7987 1522 7352 2426 8572
347 5312 9634 7652 7481 3757 9550 4622 4496 2288 9811 1849 4347 2844 7869 2943
348 3457 7522 2339 5795 8387 6950 6502 5862 1323 8491 1038 6523 55 6043 2747 6270 4319
349 1637 4230 8647 7113 9196 9651 981 4533 9851 5534
350 6339 8869 8711 4073 7114 3053 7949 7215 4783 9075 4412 3132
351 6912 2240 6595 1960 3146 8716 5741 9022 3121 8336 2196 8344 5275 6654
352 8866 34 5636 2499 9414 8615 1348 1028 1770 1353 8293 2935 5400 9533 828 5373 318 5762
353 2272 5056 2755 1541 6281 5322 2635 6476 877 7949 7442 5715 2676 2938 7003
354 4704 2082 5762 9093 4238 7055 2450 754 4757 4823 6521 603 4511
355 227 6327 5639 1256 1708 6608 8882 3573 919 6713 5883 4382 799
356 1666 7652 8294 3336 6827 3404 9263 8785 2998 1784 9274 3227 6172 8831
357 2722 8059 6148 1991 4424 5962 3227 268 4347 6258 2264 9627 6879
358 4579 9127 8712 8780 3634 6164 6295 4314 1467 5308 3389 4607
359 7426 6116 4901 4199 6248 9899 2385 2546 9939 4435 7606 7676 7517 766
360 5248 5601 3720 6218 493 5677 7535 6641 4081 178 7058 220 5880 7003 8924 9598
361 6529 7713 5412 6597 3461 9703 8680 1161 4712 2717 1170 4667 6717
362 482 1509 7143 2407 5064 2476 1614 6132 3764 4662 760 1435 6141
363 3936 7713 3521 9026 7236 8837 2759 5679 7313 3283 2196 6329 347
364 9440 3392 7575 2730 1902 5326 9372 882 3031 4913 4439 348 1342
365 7552 1953 9666 6144 2 8646 1927 4326 3274 7851 8816 4241 9040 5525 5466 4251
366 64 8705 321 2886 3304 362 8234 940 4909 3059 947 8947 2263 8889
367 8833 618 3883 2986 8659 5332 9429 2133 7734 4761 5661
368 9602 8803 8388 5731 6053 746 7117 2639 5552 3729 7730 7120 2644 2580 8150
369 8257 3995 392 9129 4651 273 9618 6963 7188 5460 3770 7771
370 7873 6886 7815 8744 167 3018 9388 9036 2896 84 3158 2583 8830 7999
371 1793 3937 5251 3009 7749 5412 5479 3048 3657 9770 9834 8233 4786 436 6325 7925 6647 7162 4604 1981
372 6209 8130 4963 9315 5350 71 1351 745 4843 2699 6351 4913 756 5078 9079 6744 5403 9533 5022
373 9537 1409 321 6445 6286 4206 8752 8275 661 6134 6584 5595 4287
374 7066 7043 6502 5895 5193 4073 9132 4140 2732 3885 2868 6264 2746 316 2879
375 7201 7234 3363 3014 5447 3080 5415 1255 9676 7762 8787 885 4534 22 9048
376 1280 352 4835 9511 6025 1162 6954 4170 9848 174 9265 7986 4691 5622 7800 7386
377 7843 9861 491 7118 1648 7249 2673 7153 598 1399 9178 2555
378 7492 2564 8455 9928 712 2506 1835 461 9933 3885 9968 178 979 8212 5909 4341 3897 6101 4185
379 1954 3587 2403 2971 8196 5187 1607 9615 5426 5523 7796 8469 7285 3707
380 8581 8808 6825 2666 5963 7883 6509 3537 2067 8340 7516 3450 8571 9980
381 9216 5156 9448 9993 3338 4555 3724 7025 9650 4917 6167 9688 3263
382 1892 838 2696 6858 268 7567 5424 3414 3067 6974
383 2875 7170 2598 5702 2585 8943 212 3637 1301 1271 2555 6457 6331 4444 9758 1595
384 8898 1571 9508 9061 490 9898 3628 3373 5302 1276 3293
385 3744 5796 8516 9797 72 2572 8140 8462 9967 2704 9531 1554 8116 7413 8248 5531
386 5536 5025 2113 3748 3877 5707 6189 1230 9008 2803 5400 1850 27 6589 2879
387 7296 2977 738 6950 1383 9707 3851 3565 4013 5805 6609 9301 8922 9244 2938
388 6337 1604 3077 4326 8040 3625 9932 1102 1711 2931 1079 4054 2391 7261
389 8002 5764 8520 9835 7787 2349 9262 9104 8051 7699 4340 2296 1180 8125
390 7426 1668 202 7306 7895 650 8814 6959 5008 4271 915 7543 8281 8859 319
391 6917 3526 1097 939 7949 3188 918 7192 3130 7133 1758 7967
392 8674 5859 1060 5895 5897 1386 9130 4015 2480 6195 5715 3637 2742 247 8057
393 7427 8420 7269 9637 935 8523 5388 5643 6609 2164 9462 3894 4638
394 4066 3940 9350 3656 3820 4237 4076 3279 656 2170 6716
395 6720 3074 8546 4994 1693 6503 3820 1423 3476 9333 6269 8982 5560 3581
396 605 5861 5929 7883 9069 818 7603 7860 5715 1302 1495 7837 8990
397 2272 5186 3683 1322 4140 3023 9076 4597 1528 221 3548 8029
398 6338 3074 1927 5960 9352 8776 9388 8140 1391 8944 7411 7638 6331 3548
399 2341 5350 2503 3978 6027 7087 4527 658 2962 4084 660 5335 696 1049
400 5504 1536 5312 1984 3846 4743 4904 7401 3471 2555 6684 1246
401 4736 2977 1569 8163 9508 1542 3079 7208 7114 8845 336 6258 4091 8605
402 7168 2497 6054 999 9676 5007 8115 6387 4531 9238 7384 634 2910
403 4065 5282 6216 5386 6828 3885 2030 6064 6546 6931 4531 8213 7674
404 1440 5794 7525 6918 9529 3783 2161 7929 2873 631 6777 6459 2012 9245 5023
405 9600 6401 1506 3235 2723 36 5283 9031 3905 4779 9355 3217 307 2872
406 3714 2531 8823 427 9294 1307 4857 1372 1719 5622 7801 1750 5275 2715
407 1952 2121 4394 8683 142 8430 2160 7922 4787 9526 2998 8406 1303
408 2785 6433 7208 6282 9228 463 3153 6353 3286 600 4122 476
409 5248 5477 7528 9226 6187 9388 9997 2986 79 6033 5395 3316 1111 7480 8923
410 7104 2658 2274 2786 838 4199 200 76 5549 6606 7121 7762 2771 4214 2201 6143 3837 3135
411 3745 9029 6379 4461 1485 5168 4913 1432 7517 6109 7038 703
412 3586 3523 3813 2566 6502 4870 2127 6577 4242 657 273 6069 3222 5111 2555
413 3778 1091 134 5192 9547 7595 76 8878 3885 1682 4595 9172 5715 694 860
414 2240 2 6211 4292 1668 9830 5161 625 6066 8147 6101 7734 475 3325 1851 1757
415 1248 3524 6663 3561 9067 8910 8015 3280 7762 3284 3316 1335 2744 2650 3836 5757 5310
416 9953 4801 2 1572 7110 362 4906 7884 2220 7118 367 7792 5010 4243 2552 4282 9404
417 1408 3586 1798 8392 240 7345 9374 2803 4181 7318 2325 1819 5340 1630
418 4995 7556 9798 3783 4777 6027 5933 5326 2670 242 7859 757 5365 6613 9305 1020 6686
419 2818 4985 2500 4133 8934 3074 8521 3113 5131 4588 845 989 4561 8722 2294 3193 7227 5340 2013
420 4292 4551 1416 8840 7567 4786 4851 3348 9526 9303 9374
421 1219 421 5317 265 1274 2923 1098 4849 4402 2962 7956 1721 2234 4059
422 644 645 4294 9512 7624 7434 2892 7119 6544 3537 7601 3987 7604 5972 7770 9470
423 7904 4736 3584 3877 8136 9640 6762 345 7500 876 2609 6675 2228 2584 6585 218 5693
424 6784 477 585 6857 1009 315 6257 979 1429 1912 8219 7741 2015
425 9888 5153 3074 9192 5451 5388 9326 4912 2514 3828 3895 5818 5148 7902
426 4483 9258 3501 6861 335 8975 148 3894 6872 761 7231
427 2017 7907 9604 9189 1158 745 1551 4243 372 9172 2871 7289 667 4414 7167
428 6568 7917 814 8400 8818 4307 2037 1113 1722 3612 2749
429 6529 7043 3396 6854 199 9256 1319 9126 3886 5038 7823 4855 4314
430 3074 4997 4008 5992 5867 3084 60 238 4849 7025 2450 4763 7484
431 7234 3171 263 8200 9064 7630 5617 83 6587 8629 891
432 4517 9573 6665 2795 9196 8779 783 8272 9968 3126 6102 8186
433 2371 6890 7883 1454 3727 3152 3057 7601 4911 8052 2359 8605
434 2240 1634 5285 6278 2278 5070 6417 5715 9715 3032 1273 6234 5948 6877
435 992 802 7044 7652 1146 8410 6058 3163 4170 141 3469 4464 1010 9493 3450 3643
436 8928 4674 4293 4326 8008 3240 4522 5451 9930 6413 6095 7248 8081 9747 2867 4086 7741 9887
437 8992 8994 4291 1668 2340 5783 873 5677 3277 9167 2896 1521 2610 2327 5715 2741 5526 9463 8668
438 2848 4064 3936 6467 8298 2987 5866 9292 5393 8882 8725 4281 9215 828 8319
439 4985 7014 935 328 8585 8618 8434 8914 3158 4088 4825 2138 7679
440 4288 7713 1291 5547 7662 6191 6704 9007 7028 7797 3381 8794 5340
441 9344 7489 8004 5029 4934 9128 2986 8272 4178 9304 5787 1309
442 3971 1668 2693 7430 7652 41 652 4237 2189 6061 5300 1014 442 3739 444
443 3106 7204 9959 4936 6345 9133 6000 8178 7770 6523 732 1629
444 98 9859 1122 6467 8169 3914 3307 7248 7377 4562 8594 4851 760 3230
445 992 1952 3584 4294 8424 6952 7148 1583 2992 8145 3728 1555 2804 2483 6938 1979 894 1215
446 4326 8008 6345 2346 5675 1581 1230 4722 500 3318 6105 8445 1535
447 7195 7048 8010 7082 8236 621 2796 3982 6835 9147 8637
448 9409 5346 8511 3944 7980 8302 4978 9366 5015 2555 7901 3870 639
449 7713 4194 5017 42 8491 9676 6458 8334 2292 4121 7226 2301
450 2 2436 4186 3180 1934 7153 7635 9235 117 7317 8442 7740
451 8353 834 5412 1445 5093 1638 8105 843 524 428 7087 1683 5556 1588 4505 9820 6045 4959
452 7268 5701 1576 8457 9388 2829 8814 3896 5917 766 447
453 1344 1763 2245 165 6601 1773 1774 5680 1625 3543 7609 7066 5086 2105
454 2466 8387 6341 9125 7527 6824 9159 5386 7435 9484 8880 9137 2962 2515 979 9533 1279
455 4450 4199 7240 6890 6606 7537 6321 1142 9590 473 3803 3383 2494 639
456 1035 9805 1742 6127 2962 5075 8243 2103 5341 1689 1882 2653 1407
457 3543 4004 6281 2187 5968 9809 2129 8469 1558 1366 7288 1625 7741
458 3424 8033 6179 9604 259 3751 105 4653 1902 6287 7733 2263 8665
459 5824 1441 4034 5540 4134 2823 8743 8073 9642 4071 9931 7536 9233 4508
460 2240 417 2882 1668 9734 3142 935 2061 5359 4944 4093 1746 5555 7197 2614 5177 7290 6269
461 3364 421 4901 3048 9034 2155 493 6878 7155 8440 8542 5055
462 8097 7042 3394 6991 7412 5013 374 439 8120 4340 5019 4703
463 5693 2372 6115 4490 9004 2542 9340 7153 5143 1496 569 4892 2461 3038 8159
464 8514 4835 4266 8715 7916 9197 5003 5962 3376 9878 8118 7453 220 701 8894 8159
465 8000 3422 5666 8743 3784 2186 907 3019 4429 9646 979 8953 3038
466 2689 9409 5283 3755 2796 2702 782 7663 6447 6103 4986 3836 6845
467 4992 1888 7204 2628 4749 2544 9266 3829 6038 5338 2844 3741 8062
468 9057 6594 5347 9414 8359 2536 9318 8461 1105 9655 7482 955 2556
469 1766 9224 9833 9705 587 3469 176 5329 1075 2169 572
470 4387 8265 3306 7947 2668 242 9140 6841 9370
471 7776 9475 8133 8773 4037 2314 1902 9968 8467 9139 6805 7294
472 6017 2824 9001 745 7215 9167 1841 2071 4763 2780 29
473 7970 2887 5898 9291 1229 6958 1903 1456 7474 6035 2419 3965 702
474 3971 7875 5158 2952 3401 6258 6776 3291 733 3775
475 7575 9281 8739 7652 7751 360 1034 8234 2638 6862 5679 847 6324 503 7513 4891 7743
476 4704 4583 1128 5001 1096 1032 8238 7762 2485 2967 2939 6334
477 8038 6790 9387 4396 1871 8817 1938 8052 1336 1115 9821
478 7330 9123 7684 1958 2515 9204 7061 1590 7447 8728 8345 7413 2491 7484 1149
479 4576 8741 1093 1287 9736 9737 5426 8435 4020 4277 9238 2710
480 672 6497 6498 3747 3877 9191 3111 3308 6157 9941 94 6105 1882 2206
481 5409 386 9378 5092 7969 4241 4402 6420 3989 4087 4474 5307 575
482 6208 6144 3074 4387 3963 3077 9641 1170 6258 9206 6103 5499 1151
483 2851 5958 5257 7147 2860 174 9871 4401 5394 7569 2643 1431 3514 5054
484 1164 9233 5138 7827 919 663 5656 7196 3363 6437 9638 3240 3752 9007 5045 8119 6840 1081 4938 9931 206 8812
485 321 5730 8803 6723 3202 7927 8111 4624 4693 8983 4824 4633 5915 6556
486 6656 1796 1509 3012 3111 1672 7977 4489 8942 4559 728 5301 6613 2872
487 9248 3392 738 2240 6405 201 3372 8718 6035 2420 2548 5715 3708 5661
488 8070 4486 6348 8876 3216 3600 4400 16 4819 9045 2225 9265 979 3003 511
489 5473 705 9667 2590 8905 4203 4939 1165 2643 4953 3419 4124 2206
490 3584 5121 1316 8644 2730 1963 9196 2603 2958 3376 6899 888 2778 7611 9244 2973
491 2424 3012 3018 7883 9131 2669 2314 9839 3563 7057 79 8436 6134 8728 4766 7775
492 8097 8738 9089 7234 259 6471 9799 4557 79 6963 2644 5940 4311 5533 1534 3583
493 8480 6464 7234 1763 1573 6695 3977 1577 5899 5228 141 6030 7947 4909 8722 3762 6547 9784 3705
494 3332 1093 1668 9705 8682 1083 8460 569 1783 9593 1723 4349 8958
495 3904 4035 3012 4741 5412 9543 5965 4685 4242 7060 5204 9558 4378 3644 5406
496 5442 6020 8199 8328 7977 3499 4556 8463 7281 4664 8281
497 2400 2817 6112 3077 102 9 5578 745 3665 8145 5750 7799 6809 8125 3966 7839
498 8225 9189 8391 6439 647 3340 4143 8720 2895 4191
499 4032 6752 8514 1668 4901 9768 1481 9834 8593 3794 2773 9368 8057 6171 4924 3262 5503
