100
0 5121 5123 1028 8 9224 5643 4110 9233 6162 5652 1557 4119 8224 8229 7721 5681 4664 57 2619 7740 573 5695 8769 9794 4176 3667 6231 603 4188 97 612 8303 9851 1150 647 9353 9868 6801 3217 1683 3223 1176 9884 7837 6814 9384 2734 1203 8375 5311 8898 9925 8391 4308 6357 729 1262 1775 1265 258 776 3336 5896 3848 8461 272 7954 4884 7444 7972 5927 3370 814 313 3387 4413 7485 1343 8510 4419 2895 9046 352 1899 7532 7536 8048 2932 6530 8067 5512 7048 4492 6541 4509 5540 422 936 4521 1457 4023 4536 1463 7098 9159 6607 3536 2513 8188
1 1539 515 1545 8721 3091 4118 2074 3106 2083 6179 42 44 3123 1589 1081 7738 9277 2622 3648 3656 586 7254 6238 3173 9318 6256 8305 625 3699 3187 2167 633 4231 3216 4252 8351 3745 675 164 9893 9895 5295 2738 5301 9913 1725 5310 8895 2241 8389 9425 6868 6872 218 4322 1768 9964 2285 1268 3828 5368 2812 6917 4358 9479 5387 8462 6437 9000 9515 5423 2864 6452 6463 2368 3391 9041 8531 1895 7016 3446 7552 2438 3463 3976 3977 1955 6061 4018 1464 453 1482 7114 4059 7647 6116 4070 7143 1002 3052
2 1538 5637 7691 8719 5647 3607 1560 8729 9240 7714 3638 3130 2109 9789 2628 7748 9287 9289 3146 7759 5200 6227 8791 4700 3679 4711 5225 7279 4728 6266 1149 7808 5269 150 4254 4255 1705 8878 176 6325 3262 7886 2256 7892 9429 731 8185 7395 1764 4325 4339 5878 6906 5904 5401 8988 2336 4391 1327 6449 9016 4417 8003 2376 9549 334 6992 2899 1876 6999 5976 5464 3927 5980 8037 360 1386 8051 6515 4983 8580 392 2955 2457 1441 7594 9154 971 9167 8148 7641 2011 7132 1505 3559 6123 3062 7673 6138 8189
3 7685 4615 4104 2567 6156 1036 6679 3608 6682 4634 541 5662 2080 7713 4136 6697 9269 4162 6214 5707 8783 6744 1624 1118 7775 5731 6761 6782 3206 2722 7334 2732 9910 183 2746 2749 6847 1217 3272 3281 1759 9971 5879 6394 8957 1791 7939 5386 5388 1811 3348 6421 5397 4375 2333 7974 8497 3382 4921 323 6468 6469 4934 329 8522 8017 4953 867 9573 8040 1898 1903 9076 9594 1408 9607 2440 908 916 9116 9122 8614 6054 8619 2989 6575 8625 1459 1986 6085 3533 3022 986 8673 4580 6633 2025 6638 1007 9710 4596 4084 9717 3575 1013 1012
4 6147 9734 4614 4106 1548 525 5136 1554 2582 7192 9753 3614 6686 7211 3116 9780 9274 3152 2131 9814 9307 2140 6767 1146 3197 640 2178 6279 653 4760 5793 162 3747 6822 683 9387 4784 185 7870 6846 9411 9926 9415 7385 7386 1760 3304 4334 3316 245 8951 4345 1792 7425 8980 3349 3359 1311 3873 1823 288 2349 1329 311 5944 7997 5950 844 8014 3933 9571 6504 5992 873 2929 3961 9088 9608 3465 8074 9106 2451 2453 6038 1943 9110 5530 4510 6052 5028 2984 2988 5552 4020 949 6590 3008 5587 7123 6618 3566 5618 6133 1018
5 1024 7168 7172 5130 7186 6165 9244 34 9792 7746 2630 584 73 7755 5197 4175 6738 5718 2137 5211 9309 6240 7274 4202 8310 6267 7295 6282 7819 7313 5280 7329 8361 9899 6828 2741 5813 7868 1218 9924 4812 3795 9428 1246 1761 3814 743 6378 8432 3325 4352 1800 778 3338 5898 3341 1809 8979 2848 2849 289 3362 9505 818 307 1846 6971 6973 8511 1346 5954 1351 2904 2396 2405 1399 7037 6531 8591 404 3482 4507 7070 2463 4516 7598 6064 8630 6079 3009 451 2512 3030 5591 8153 3549 9195 5112 2554
6 5127 2060 4626 26 1569 3111 2602 9259 5171 567 2104 1080 2110 6719 582 8778 2645 1622 4696 8792 6236 621 7792 7798 7811 7303 7307 6796 6283 8345 1700 2726 4777 5299 4281 9418 4826 9435 7916 4333 2800 8948 7925 1785 4359 2312 4361 5390 3865 3358 2343 5419 5434 8506 8011 4943 9552 5459 7507 1878 2391 1880 9558 2397 7518 5473 3453 8063 6018 2949 1926 8583 8600 5019 3495 2996 8640 6083 1990 3526 4556 9688 476 6111 7144 7146 6643 8180 9720 5626
7 4098 8707 9222 6150 1035 2584 4122 3099 5151 3623 2095 8758 5687 583 2126 8785 6235 3171 8295 5752 123 4225 5249 1157 2696 671 4257 9383 7848 8871 1204 5300 4280 2234 6855 2265 8409 5341 736 737 8417 1252 230 9960 6377 9449 4840 5359 8946 4851 9463 4857 4869 1802 7951 6416 2321 6936 9499 6946 802 7469 6448 5940 9529 5945 3899 320 3394 5452 8526 6496 6500 6011 4988 1918 3458 3461 1931 4491 3470 911 4497 9622 8087 407 5023 7588 4005 9649 1461 9657 1471 9666 3529 6602 3020 1503 6624 9192 8169 4587 1516 5617 5107 1525 5624 1534
8 8197 8711 6166 3097 2082 8752 8245 3129 5179 2121 1105 2649 8283 8800 3682 7779 1126 5234 3700 6260 3195 7291 2685 125 4223 7300 2199 154 669 1185 7330 7843 3242 1719 8376 3777 2757 6344 200 7372 9424 4816 6358 4311 2776 6368 9440 8940 7411 5367 9467 253 4356 4366 6927 6939 1825 9513 4394 819 4917 1850 7483 1854 2392 9054 7009 3945 878 6002 3960 9595 9087 6030 7576 9113 416 8108 4013 4014 9140 1978 6077 2503 5581 5582 6095 2004 3541 8150 983 9174 1498 477 4081 500
9 7681 516 519 7177 4111 3090 9749 1561 7718 43 2605 5682 4662 4155 6209 5185 8779 588 9297 1623 2653 8289 7784 3690 1642 1644 1135 629 7286 1663 8320 4738 646 4754 7827 4246 2203 4264 4787 9404 8900 4299 3789 9937 7891 2773 2272 3298 3301 3817 6890 7928 2298 7943 1291 4880 3859 8993 8487 2856 5426 4922 5436 5952 6980 5965 7503 3936 865 355 1379 7011 4463 9071 9073 7538 2439 8077 5519 2963 6039 5528 4508 1957 2470 5035 8631 9656 8635 9660 9665 6088 460 3539 7129 4572 5084 1502 6113 2537 8172 7664 1015
10 7169 9733 8200 2059 3105 5666 5161 5168 563 8760 9793 5189 2119 8263 4701 2147 9317 7790 4721 2677 2680 2683 5248 1668 649 8334 3730 7828 2709 5268 155 9375 7842 4263 6314 7855 6840 1209 7361 2755 2763 3788 4814 8913 5845 5851 4832 4332 4337 8438 1272 5374 4879 7447 281 6435 1834 3372 2867 9017 835 4422 3399 9030 9033 2378 2894 5455 7005 3424 9060 7017 364 7020 9583 373 1401 6524 7549 6015 898 6035 3988 7572 6040 2460 7068 5020 5021 9629 5026 6567 9661 5572 5579 5583 7133 4079
11 2561 4618 8714 3602 4628 2070 8727 6167 538 7720 2610 54 4153 4670 576 1600 4674 6216 6224 2641 87 9822 4704 9313 2656 8291 9838 3705 2682 1675 143 6296 4258 3234 9380 1702 5804 3245 3246 4273 6321 1208 8890 9916 5824 9410 3790 4815 5841 7889 7383 2286 4847 759 8440 9978 5375 8453 3852 9721 5912 6442 8493 8496 9520 2361 6458 1858 4420 1364 6996 4954 7515 8542 5985 3443 1406 3456 4487 7565 3478 6554 2458 1452 4027 3525 9162 6091 3535 1494 3034 9182 9695 7649 9705 2037 7157 4085 3577 4603 3068 2045
12 8195 7173 3593 1020 14 3599 7185 7702 3102 31 7712 3627 7214 559 7728 4656 3631 6705 56 6715 5180 1088 6723 5703 102 9323 8813 9837 5240 4217 4224 6786 3719 3207 6281 4242 8353 2723 8870 1193 5801 1198 8387 708 6851 6343 1748 5334 9436 7902 3808 7399 8434 6899 4340 9976 6399 8961 2821 7437 2843 8478 7462 3878 7980 813 6446 7986 6964 7480 5957 8016 3920 8018 1362 860 7007 4453 5989 3946 8042 1391 1906 6005 8571 8574 1415 3979 8076 7587 9138 9141 4534 3511 2487 3000 7619 3527 459 8145 5593 2015 7655 4077 5103 1521 2033 4089 4604 8190 9215
13 8193 1030 8713 3083 1547 9242 551 3624 1068 6703 6709 8759 5176 572 7228 5184 2627 580 2629 4166 1613 6229 7260 3165 2654 7263 8801 100 6249 6762 1134 2673 8818 628 5753 634 5254 8331 4240 7829 5790 8357 4774 6319 8889 3257 2768 1747 3292 1756 225 9965 4854 4855 262 6922 2318 2329 5402 284 9724 2342 5415 6440 6952 5418 295 6959 3891 5441 9545 4962 9059 7013 9588 887 4472 7036 2952 8080 5520 6037 6551 1951 9638 9644 5040 4530 6585 3003 8637 7614 456 1993 4564 981 4057 5596 7659 2541 2035 6652 7679
14 1541 3085 7698 5653 1046 544 5155 8232 2096 6711 9788 7231 4673 4168 1098 4174 7761 3159 7259 9820 2155 5749 9853 8323 2698 144 7317 7320 2713 1690 4249 8352 6837 5302 709 6342 7879 712 8393 7894 3798 2263 4827 6364 9444 5880 2296 9977 7420 4354 5381 4870 5384 267 1295 8976 794 6433 3365 5926 8494 5949 9023 2370 6982 6482 4951 8551 2409 5483 1392 6008 3450 8073 6026 9610 8078 5006 6543 6550 3995 1959 1976 8123 6080 5059 4558 8146 9682 3031 8665 1501 481 996 1519 8179 1527 6140 6654 1023
15 3074 1542 2571 8205 1061 6694 2600 5163 4143 568 72 3151 4690 8787 86 1111 602 3694 8302 2158 1654 6265 8825 5755 8829 1163 6802 1171 9875 2200 2202 668 8869 9382 5799 170 6317 6327 7353 6333 2244 8912 7893 735 6885 6375 6376 235 2284 8945 9973 2294 757 7417 9979 8446 9475 7432 2314 9995 5396 8472 9500 6432 7470 6958 6962 4919 1339 3900 2365 8001 5955 324 4423 6477 6481 1881 1387 4977 8564 2420 897 3969 4482 907 9103 6545 2454 6044 2462 1952 9120 6576 2993 5558 7607 7107 3012 8653 3023 9170 7122 8658 1493 4566 5079 3548 4064 2016 6117 2028 5102 9200 4083 5619 8691 6135
16 5634 7687 6666 7709 2081 1586 1593 1599 4159 3654 3665 1106 7250 9812 5205 4698 8798 1631 2144 8287 6245 3687 1138 627 7290 9856 5761 5260 5780 1173 9878 6808 2210 5284 8873 8365 1710 3760 2743 3258 4293 4295 8910 7887 8402 9438 9957 2290 4853 248 760 9470 8447 3327 7429 5905 2323 7448 6430 3871 3872 4900 293 7977 3375 7475 3380 7990 4928 4929 7493 9547 9039 335 7506 2400 9064 879 9075 5513 9109 4502 9634 6566 5030 2483 3514 9163 9168 469 5080 8155 5597 8161 9185 2531 7142 5610 6640 2549 9725
17 2 10 2579 4640 4128 5669 2604 9773 4144 4147 1590 566 6721 8774 2125 8284 2659 3691 3693 9328 3189 1143 5754 7297 8834 4743 2697 3735 4251 3755 6831 7856 1713 7350 9403 700 8896 4804 5317 5831 5839 1239 2779 4831 8931 7401 9452 7919 9461 2807 4344 7419 4348 7938 5890 9992 7953 1301 8476 9504 8997 4911 5435 1349 338 2394 863 4972 2930 2421 3448 6014 2443 1942 409 9117 2476 1974 3002 3004 7612 1469 7103 2499 7620 6084 6599 2511 4563 3544 2523 5085 7140 4592 4607
18 6662 3594 5645 18 2067 3093 533 7703 2072 7190 2587 1564 5665 6690 555 5675 1582 7216 6208 65 5709 9294 9299 3672 3161 8282 88 5212 2146 6765 1664 4226 8852 5783 9370 158 1694 6816 9381 167 687 7871 3786 8919 730 2785 226 2278 6382 9455 4852 6389 5881 252 8960 3849 4365 7446 2335 7467 7983 9021 833 8008 6475 2901 7516 9565 3434 4468 7034 8575 5503 9097 6034 1941 4504 5017 5529 3486 928 7585 1963 1966 9135 6065 6583 6075 445 6081 4035 9676 6612 9175 474 9179 7657 1514 2027 1001 7149 1011 9718 3063 2047
19 9216 9232 3092 9249 4130 4655 5181 574 7234 1094 9288 7241 9803 1100 6736 3668 2646 7767 6745 6750 6752 7776 8806 9322 2669 2159 7797 9847 5244 5758 5247 2690 135 137 8332 163 8359 2217 4269 7346 8887 6328 190 4811 3280 8915 5854 4321 6369 2790 238 5872 8947 7926 6905 8448 8962 6405 1289 4373 3866 7981 7985 6460 8509 829 7486 838 9548 3919 8528 350 9581 2419 1398 396 1421 1438 426 433 8119 962 7630 977 1491 9184 4069 999 8680 7660 2043 7164
20 7170 3590 6151 4616 6664 5657 7707 4665 6716 9279 9802 3660 1612 8268 8271 7257 1123 7267 9829 9827 4734 8833 2701 3224 7838 2221 3259 3775 2756 2759 3276 3793 7674 212 5332 1249 6372 5351 5361 7410 2291 8698 2804 3323 9981 1794 1284 779 784 5406 7971 7461 4392 6953 2350 3894 5943 8503 319 9537 1348 837 5447 4940 9040 9572 5990 8041 7022 378 9086 7040 1409 6538 7571 8599 3993 2970 3488 6562 4515 8104 7595 9133 3501 4015 5554 7094 2495 4550 5063 8144 7134 5095 4584 4090
21 6657 5649 1051 7197 8740 1579 556 2094 6704 8258 4164 1605 70 8270 9304 617 2161 9848 1658 4730 5756 5250 2693 8840 5769 2699 4238 6288 7832 6812 4768 2208 3240 4780 688 3255 8380 4810 6348 205 5325 1231 5333 726 5849 8415 7403 8431 6907 7933 4864 8455 8473 6426 4895 4896 5410 2865 845 4944 1369 1370 8027 8538 5977 7001 2399 1887 6503 7015 2921 9067 7533 5491 9077 905 6542 5525 9112 7578 3484 9632 424 6574 7599 6586 6592 9153 4046 2515 980 4569 992 3041 3044 4581 1522 5110 1016 4606 9727
22 2560 520 5651 7700 4631 5658 9246 9250 6178 553 2108 5702 1611 8269 4179 9823 3581 1635 5735 7281 9855 5760 6272 8857 4765 8350 1189 2228 9909 3766 695 699 6849 7371 2253 5327 2262 4834 740 233 7931 4347 6397 9471 2820 1798 2316 3856 4369 6418 1820 8477 8992 1826 3890 7482 315 3395 8009 4945 5971 852 2389 5973 340 3934 3935 1380 2917 2410 886 7553 1927 3975 7063 8103 9640 2475 2479 968 3532 8659 2014 1509 1510 2538 3562 8684 6639 2544 4594 9208 4093
23 6144 526 7182 8723 9754 9756 5170 5175 3128 3651 2123 7244 589 1614 3153 6232 8795 5725 4198 8815 8312 6264 7801 6777 2174 127 7302 5255 3721 9363 4755 5288 4271 3251 9408 5833 5838 9423 9942 728 9442 1261 7918 751 4872 1801 7438 5903 1808 8983 3354 6427 4894 4899 7459 4901 4393 2347 8499 826 1853 5444 4424 6984 8030 6501 1397 6522 1915 1404 3965 8577 387 2948 2951 5515 9101 3996 5543 3500 6060 2477 1455 944 2992 6588 9164 7637 6101 9186 998 488 2029 496 6650 4091 5119
24 9220 3077 7174 5636 3080 9226 4619 4627 8215 1048 4648 5673 4165 1609 2639 5714 596 597 6755 7269 6763 3708 8830 9854 9352 1166 2197 7322 9885 3235 2213 6825 2218 4268 8381 1727 2751 4819 3283 5857 2789 4843 9453 3309 6900 769 1285 2309 7952 1810 274 9498 5915 9502 2337 7474 9532 6461 9533 9536 8521 9557 7512 362 3949 3438 2415 3952 9590 9606 2965 8089 8090 419 2980 2469 2982 8611 4010 2481 5555 3517 9151 1472 6093 9690 9180 485 7666 8694 504 506 5115
25 2573 6670 8720 529 2066 8726 9752 9755 2079 4650 8746 8765 3658 5711 8279 8793 6242 2148 6251 1132 9326 623 9844 5245 1665 9859 6277 4747 3214 5266 662 6298 8349 681 5289 8882 7352 4793 1722 9928 5326 719 8404 8405 8920 3806 5354 1770 4341 3333 6407 266 5913 2841 3867 7454 1827 1318 3879 4906 2858 3378 310 823 3901 333 1870 3406 5453 6489 6493 1381 7014 8039 2926 8560 883 3444 885 5494 7028 8065 1922 3971 2959 7058 406 1439 9119 2467 7592 3497 8618 2478 943 7092 1462 6591 3520 9664 6598 5062 8650 8139 4560 9685 9686 6104 9176 5606
26 3072 4610 3075 6661 2566 9 8207 6675 5148 2078 6693 1577 2603 6189 8754 2114 8782 7765 9815 9826 6246 7789 9843 5235 2170 122 3706 133 6791 6284 8337 9876 9367 8861 178 4788 4279 9401 2242 7877 4301 718 4304 6866 9953 3297 8936 8425 9448 9450 3827 2293 5376 3843 6923 3853 8975 6928 3347 2842 5413 1833 816 7991 4926 1344 1350 1352 5961 1873 851 4436 5972 4447 6498 4467 1912 9605 4495 5018 922 2461 1967 5039 7601 4532 1465 972 465 7634 1495 2524 9693 2528 5091 8676 997 9206
27 2564 4105 6157 1053 9248 8225 7207 5676 8242 7733 7736 8250 6717 7237 7752 2633 9291 5195 1099 78 7758 9296 4689 4184 90 5722 6241 1638 126 4737 6274 5763 2691 3203 658 3733 6294 5782 9369 7853 2736 7864 4287 1227 8907 7381 9943 219 5869 5874 1787 8956 6404 5385 7947 9491 275 5398 6934 1304 7458 1316 2853 3876 3386 4411 9028 8006 8010 9038 8530 6486 858 2911 1378 4452 5476 358 2918 1382 8554 8044 8046 4975 4462 8562 3958 8572 4993 1411 904 9111 2971 7069 6049 2473 4022 1977 6076 958 448 2501 7111 4042 3019 5589 8670 4577 4071 3058
28 2563 1033 9741 5134 1550 3604 6170 5668 7208 1583 9272 8252 3133 4681 5194 8272 594 7255 2648 5210 3678 2658 5741 110 6773 2172 4741 5766 9863 652 8845 3726 5778 1177 174 3247 5297 5305 3780 5829 8903 8905 6857 9421 7377 4306 1235 211 7391 4331 6384 7409 9457 4338 8436 2802 6391 3832 2308 9485 9486 1296 5909 2839 4887 798 3884 3381 2871 825 6969 1851 1864 1353 9560 859 5480 7531 6000 1911 8568 1410 5000 7052 910 6031 7062 1432 7065 1946 5532 8612 4016 3507 9655 955 7105 8130 5574 7623 2505 7628 7629 3534 7631 2001 3026 4565 2024 3049 5622 6648 2557
29 9728 5646 6688 2596 9766 4137 4654 7727 3120 5686 1079 7233 587 593 7261 9824 104 9832 1142 2679 2168 8316 2192 6290 147 4247 1187 2725 1712 5296 7859 9396 5306 704 5826 2764 2254 6871 8408 9952 8423 2283 6895 7921 6402 7941 6919 1292 9996 1310 4389 6439 1320 7463 7995 7490 836 840 4938 5969 1367 9562 7519 2913 5485 2938 4476 380 9600 8064 5505 6020 5509 1429 2459 6043 3997 4511 7072 4001 4518 6062 2994 436 1983 8131 8655 4049 2003 9171 5077 3554 7650 6632 9193 4586 6124 499 3579 508
30 5640 8203 9238 4125 2593 5670 7206 1065 9772 8748 575 5188 5196 5710 8786 84 6743 1117 4192 7268 4714 4227 2181 9355 6285 3215 2201 2718 5796 6320 3761 691 2744 3264 710 1738 8406 8922 6875 1255 4328 5356 2797 1776 752 3831 1783 7424 7944 4875 4379 4893 7965 6445 9008 4404 3384 4930 839 3401 5451 9048 2406 2407 9591 6010 4990 2431 2944 1929 3471 9105 9630 9125 8616 7084 5553 2485 7100 6089 7633 3025 3029 8662 5086 5600 1508 4599 6651
31 1025 6146 6154 522 9740 9243 3617 4131 6186 4667 8257 7235 4676 2631 1097 7763 9303 7773 1632 1636 105 2671 2160 5747 630 2177 5767 9356 3213 6799 8860 8866 5809 1213 9920 3266 6339 6854 7368 4298 9934 207 8911 5329 4324 741 9958 5870 9458 9980 6914 4355 4357 1288 1805 4889 7452 3869 9514 2351 316 1341 7488 7495 3923 3924 9045 857 3421 6495 7008 8033 356 9576 4968 3442 5492 9080 890 1412 9093 9095 7561 9104 405 927 8111 5557 4535 2491 3543 8156 6112 4074 1528 2556 3071
32 6667 1043 6163 9750 6180 47 3640 2623 8780 4684 5202 5206 5719 3670 1114 2152 8809 1645 2163 1141 2678 5239 9338 8317 5770 2191 8849 4761 6813 4770 8358 5812 6836 7863 6329 8379 8382 7360 706 7373 6356 8921 5338 4316 739 228 234 3314 2813 2302 9987 2831 5391 6422 5914 1307 2355 1852 5953 4935 5964 6497 4965 6502 9081 7035 2940 7548 3968 2434 7045 2956 1423 9107 3477 1431 8602 5537 7081 3504 1468 2500 4038 7115 7116 9677 6605 5069 5072 9169 8657 2516 7646 1504 4072 8175 1523 7167
33 8730 28 1581 9777 50 1075 1077 4678 4172 3662 83 5203 5746 8823 3201 3715 8324 9349 1670 650 9357 657 2196 8347 7324 674 9378 2727 2216 2740 1219 9923 1735 7883 717 2255 1754 1767 4839 8955 6909 6398 1281 4866 1282 4364 4882 9492 1818 6943 8508 7494 8539 4448 357 9062 7530 9580 8049 8052 374 6519 4984 9083 6016 9091 9096 9613 8595 3991 1950 2974 8097 8098 5541 421 4011 8632 4548 6597 7108 4551 8136 7119 4562 6103 3547 9696 993 6628 9189 3059 3573 9209 8187 3070
34 4100 6674 5144 547 552 564 7222 4663 5694 1601 8777 4683 7756 5723 1130 618 2157 6255 9845 7285 1151 5765 648 8843 3731 661 2205 9888 677 8872 3753 9904 9397 181 1205 2237 8894 8384 4288 1731 7365 5837 4813 3278 5328 7384 8411 220 7388 9947 7903 8416 9961 4330 4842 8937 6910 5888 6913 768 8452 2310 1806 2836 3351 3356 6948 5416 1321 5932 2877 830 7489 3905 2886 2382 1872 1361 6484 6997 2390 9564 8029 4446 5988 4456 4460 2433 388 8069 3460 1417 5009 917 8598 1949 8609 6051 4007 7086 8112 6068 5560 1475 7110 9166 1999 4048 5584 8654 2012 9708 3570 6647
35 5633 1031 6153 4617 5644 8209 4632 9761 8741 4135 9768 41 7226 5183 3139 9286 1095 6219 2638 8273 9306 4707 611 3178 7277 9333 639 9857 7822 2710 663 2211 1708 689 2226 3763 3249 7861 4278 1206 1717 8378 9407 705 2770 7897 9437 8429 1774 4848 1270 2810 3835 5885 775 3851 4881 3858 792 793 4385 2338 3366 306 3897 2878 7500 6989 2912 9057 8035 1896 2411 2425 9084 9597 6527 6532 9620 2455 3992 7579 1437 6058 7597 8627 2492 5576 3018 8652 2005 1506 6115 4066 9703 5096 8170 6125 4593 4605
36 512 3076 4612 7690 6671 5654 6692 2611 8755 5178 8766 64 2644 4180 626 7283 6772 6770 8828 2175 7301 4232 8841 1676 4236 654 4749 6289 8346 5794 4274 9908 1718 696 1730 1224 8395 5836 203 206 9936 208 9439 7397 8433 247 9975 3321 2307 8965 5893 1303 9509 821 5946 4416 8004 6470 3910 2888 6479 5468 9570 8547 2404 3435 3951 3956 8053 4980 9082 891 7566 401 5527 1953 2978 4513 9636 7101 4544 5058 3522 964 5061 6087 2518 6110 8677 6119 8191
37 4115 7198 4641 1059 2597 1576 1067 571 8253 8768 1091 8266 9805 6225 2139 1116 605 9311 608 9312 4708 5220 8807 4215 5242 9852 6269 8319 4229 3739 1701 7336 8368 8369 8370 2232 9402 187 5307 4800 6850 5318 5323 5844 9948 231 5868 3820 5363 5876 4349 2818 1286 8456 6409 7434 785 2325 1816 3376 4400 5941 318 6466 8515 8534 9051 1886 1891 5479 5501 6525 4479 8068 4486 1928 9615 8088 7584 9124 1477 5590 7127 9177 6105 3552 5603 4583 4589 5101 5118
38 2049 9218 9736 5131 3601 9241 2073 8731 3117 6710 59 5692 7741 1087 6215 4691 6228 4186 1629 7774 96 98 5732 1124 7787 1139 2164 1656 7804 3734 1174 4773 165 6826 2731 8877 8367 8371 7347 6845 3778 4292 210 7379 6361 6874 3291 4835 3811 6373 742 1769 748 250 9474 7435 2846 8990 6950 3880 6955 5420 9521 6451 5446 1869 3410 7509 3413 3417 4960 353 864 8549 874 8563 6006 1400 4483 1414 4500 6036 3479 9123 1956 1960 1965 7096 6078 6593 7622 1994 2507 5070 7121 7636 2519 3036 4065 2019 9702 1000 7145 2026 9704
39 514 3592 4112 33 7209 6187 560 9779 4149 3127 2616 7739 4672 5186 1604 69 3148 4686 4688 5712 9810 3666 8286 6751 4718 3186 116 6778 4731 2686 1156 6286 9361 9362 1682 1685 4250 6299 679 9896 173 9392 7345 9399 2747 8383 5828 2250 2266 9949 4319 4836 6886 2280 7427 4362 4876 9484 787 9497 8485 7975 6951 2356 9525 4408 1857 3911 3912 3402 1363 9556 2916 9065 2416 1905 6518 381 1921 2437 9108 6047 1962 434 1972 4021 5562 9148 5057 4549 9671 2510 8656 4567 7644 2532 8683 9196 3056 5106 7158 8183 5625 3066 4092
40 2048 9732 1040 2084 5160 8745 4657 55 4152 9797 8773 7240 3144 6217 6731 3157 5217 3170 7781 615 3179 2156 4742 2184 8844 7312 8338 2707 9368 3228 7836 3744 3749 680 6830 3250 5313 195 2247 3783 713 9931 6867 5336 2778 1247 2300 3838 770 773 8972 6926 9487 6423 7967 6434 8486 5414 3881 4905 6457 2372 8524 7000 8537 7004 9567 4450 884 8567 5496 7545 3451 7550 2947 2950 9611 2969 1433 9115 2464 5538 2981 1454 5042 7099 5563 5565 9149 959 5570 6086 1992 975 6099 4573 4579 5611 1515 3567 1526 6653
41 5632 3586 7683 9227 16 7704 25 3611 1566 549 2093 2607 6713 5690 7229 3134 5696 581 7750 7762 3168 3184 4209 6784 7810 7298 6275 5258 3218 9877 5798 3751 6824 5291 2733 4789 4790 9911 1207 5825 1221 1749 6884 3813 8426 2287 6902 7422 4867 1796 7431 5392 4383 9506 4386 1830 4907 5425 820 7476 8504 6975 9031 5456 3938 7523 8038 5996 7027 8565 375 1403 2941 383 7554 7555 4490 8075 914 4499 9619 8606 9118 9130 5037 7090 6584 9659 5566 1487 8151 2009 8668 5087 482 8163 8168 6636 6126 7663 9713 8181
42 1537 2562 6659 5124 8196 5639 3081 6685 9245 3626 3126 6724 6728 585 595 8796 3685 7782 614 3688 8293 2668 4719 1648 6769 7280 8315 8838 139 8847 7826 157 3754 4786 8888 5308 8902 9929 1745 5342 2783 227 6379 5877 6392 4856 7418 5883 7423 9985 9210 6915 6930 789 5917 805 6960 3909 326 9053 1375 9055 3428 880 7025 371 8056 3964 894 7551 3974 6022 6536 1416 2444 8597 3481 1434 4505 8607 4000 2979 7076 9641 2474 4525 8115 6069 6072 4030 4031 3016 969 1486 6118 2534 6128 8178 2038 1014 4602 8699
43 9221 6673 5141 3095 8226 3110 9787 1597 5187 2116 4675 8776 82 8274 2657 9831 108 642 3714 7813 9861 6803 4256 6818 2730 2225 5816 6843 1212 4799 2240 711 8909 2767 2259 5846 727 1757 9441 2274 6371 3300 3810 6888 3318 7930 254 767 5377 2306 8457 3339 7950 5399 280 7455 1322 6954 301 4398 9523 8500 4409 3914 5968 6485 6487 4439 346 5481 876 7021 1388 3954 3955 2934 4475 1405 8062 2432 2441 7050 9624 3489 932 4522 5041 438 9145 3516 974 7124 4054 5083 994 9191 1517 2036 3578
44 4096 9730 3 1553 3609 8736 1535 2092 7215 7732 578 591 4178 85 8288 4710 1640 6258 8311 7288 5241 631 4736 6785 2179 1158 4764 6815 4260 7332 1197 1709 2737 6856 6858 6346 3285 7900 7914 1771 2288 3315 7436 7959 7962 4382 3875 9511 4910 9006 3887 5429 1847 3895 2881 2884 8527 3921 6995 5463 7513 5469 9061 5997 3440 1909 6517 4987 5507 391 6537 926 5539 2983 7079 8617 6571 5036 9134 5047 7609 442 1979 5567 976 979 6102 8152 5594 4061 4068 7654 5607 8679 2536 2023 2040 6655
45 1027 3588 2068 9765 1063 6701 4142 1584 9268 6712 5691 4156 8775 4687 2643 6234 3677 6757 6252 5743 4211 3192 7289 3194 4733 4735 3712 6273 131 3716 6797 5272 2207 9890 6313 3244 8897 4803 1220 8390 3791 2769 9945 8924 2784 5860 8441 2299 9991 2826 6924 9516 5933 8495 6963 7987 3388 3392 4421 9541 9544 9546 4428 3415 345 6491 1890 3429 4457 7535 4464 369 3953 2422 8573 7557 7071 7075 6565 5031 1451 940 5549 7088 7610 3519 9155 4043 5595 3556 6635 5099 2031 9202 9204
46 518 1042 5143 4636 1565 3619 3632 6199 1602 3140 6218 6732 7246 4695 7771 637 2176 4230 5263 7823 1681 3741 6308 3750 7847 4785 3762 9395 1721 6332 7359 4801 8388 1236 4821 216 8410 2782 4841 746 7920 8952 3833 3837 6412 5910 1305 299 2348 1839 303 4402 2358 824 6456 4923 1340 2880 5448 1356 336 6994 1888 359 8555 9068 9078 2427 9598 7041 1413 4997 3973 5005 9617 5011 6553 3483 414 9631 5535 4003 5542 1448 7593 5546 431 1456 5044 9142 956 3015 3021 6100 1497 3037 6627 9190 1511
47 9225 12 4113 9745 9751 9762 9763 6691 4133 1574 7204 9263 1072 2609 4661 9782 7224 2617 8261 7247 1617 7252 9816 9314 4196 1639 9321 4210 115 2676 4213 9342 9864 1687 5800 8374 4792 9414 6347 9420 7165 2772 2774 4823 5335 223 3809 9956 2279 8435 6903 6908 8450 8963 774 8968 2828 8466 8987 291 3364 5930 4916 309 9527 2872 4933 8520 1865 4432 6998 1371 9056 3939 1892 6514 5490 2933 4469 7030 8060 2436 4998 3986 7060 9114 931 9637 1449 7089 6580 9146 6587 3014 455 3531 1489 995 5093 8682 3563 1021
48 3078 2055 7686 6159 6169 8220 6173 8732 1057 5157 9769 6708 9781 9270 8244 4668 579 68 2635 8276 7766 2655 5729 7272 9836 7795 1153 8836 3729 9873 6811 5275 156 2206 2719 4259 1191 1733 3273 6351 2264 4314 221 7405 1269 9974 2806 3841 9473 1795 5380 8967 4368 2331 5404 5409 6441 810 8501 9018 6476 332 1359 5974 5475 1894 8550 4455 3436 8045 8556 2412 6512 9586 3972 8582 8070 3978 5002 3469 2448 7577 412 7580 924 3490 7589 8615 5548 1453 4529 437 8639 7106 7109 458 6096 5081 8157 2022 3574 7159 2553
49 8192 2061 3598 2574 8218 542 5150 3629 7213 4145 52 5174 7744 6734 7760 2132 4189 5215 2661 9320 8811 7791 1652 6263 4216 6276 3205 7814 7818 8333 9364 3736 1689 1186 4270 4285 3263 9930 1743 721 7896 3293 5343 5345 4323 3302 5350 2793 5355 3308 3821 9968 5362 5364 2805 6393 2297 782 6937 1821 8991 800 294 8488 297 4908 5421 5936 3896 1849 2874 5958 6986 2893 7502 8015 1365 1366 7511 2402 3427 8584 6033 9626 410 6555 3998 415 4517 4009 8110 6581 7093 4539 7104 9158 454 8660 2013 8671 7138 1004 3061 7671
50 8712 3595 1551 6160 6677 1559 4124 8737 5159 3112 4649 9258 7723 9771 3113 9265 8763 3655 3150 2133 1112 8281 3674 3163 7265 7266 5733 9319 1641 9327 3185 4722 7796 2681 1145 3200 5772 4766 4767 8863 7356 9922 8906 5330 5843 1238 9430 3289 6876 8413 2787 745 239 7408 240 3317 7426 8468 1832 6443 5427 5430 2360 322 325 6471 1883 347 7012 872 6509 382 6017 8066 9089 4488 2961 2452 408 7591 3496 6063 8624 5551 3509 440 4025 4028 5055 4032 452 5586 3540 9187 8164 487 2030 5116
51 7682 517 5137 3605 2589 5661 8223 8738 3620 1573 4134 7717 2090 6195 601 4187 5214 8802 6758 4203 3182 622 7282 6261 9846 118 9343 6789 8837 6793 5257 1679 148 1693 1182 5791 160 1698 3239 171 5807 6323 8385 3779 4806 5832 6863 9935 4849 2295 249 5383 4363 8459 8977 1814 6424 1817 9507 4387 4390 7465 4912 1845 2870 3898 8517 3915 5967 8529 4438 4955 351 4961 5987 2417 7539 6007 376 2937 2430 5508 8589 3472 5522 3987 5012 6048 3492 4012 7596 9137 8642 4037 6098 1492 7638 5089 2018 7147 7151
52 5642 4107 6668 1552 8722 7701 7203 5167 4150 7225 2106 2620 6720 5193 77 9295 5713 1109 5222 3582 3689 3180 4204 2670 7794 4214 7287 1159 9354 6809 2714 9373 6302 9385 4779 3757 7343 3253 2742 5320 215 2275 1256 232 754 8437 7414 1274 2815 3847 2823 5902 9998 2832 6929 1813 9494 287 5411 2857 8491 7477 5437 1342 7998 9540 1877 2915 9070 2946 1923 7562 2957 3498 9650 6578 2999 8135 7112 4553 5075 470 9691 7645 2526 1003 4591 2545 1010 7160 5117 8702
53 1034 4620 9229 1038 9742 7693 1558 3612 540 7710 2077 3109 4660 9275 8767 3649 2122 6742 7772 5726 2149 1127 2665 7276 9325 5742 9850 2684 3219 1697 7841 2219 8876 6832 1200 9406 6334 7872 4808 6861 2258 5340 7390 8414 7910 9962 747 750 244 7927 8953 1276 257 772 4871 265 2317 8973 2838 4888 1312 9512 1323 811 817 5942 5433 2363 4925 5440 6978 8002 1863 6987 3922 4948 3930 9052 4970 7544 7033 3963 3455 2450 8083 9623 8608 9121 4519 9643 428 8109 7600 4542 9663 4034 1989 5065 6625 3051 7669 2551
54 4623 2063 9744 3096 6681 3107 7719 8751 3121 8761 9276 5699 8771 71 2640 9298 8278 5728 3681 7777 4199 4201 106 8810 4713 3696 9334 1655 8827 2185 7824 7830 4253 3742 2724 2735 5303 2243 7376 5840 2771 2777 6873 8925 8695 7908 5348 4329 9451 237 6901 762 1788 7946 7948 3343 3344 271 6425 2330 8985 797 3369 5937 312 321 9538 841 3913 1868 5454 7505 855 8545 8553 1390 2927 9090 6019 8581 1419 7573 6556 1958 7085 7608 2496 4033 1473 1988 4039 7113 5067 468 9173 6614 479 8687 7154 6646 9719 9211
55 4611 7176 1544 8204 3086 7695 9235 8724 6171 8222 8734 1056 4644 6181 6695 3119 48 1587 6200 4158 3647 8265 4171 3155 606 5230 4720 4723 6271 4739 5774 9365 2715 1696 6821 8883 5819 9917 1216 8386 724 4309 2267 6880 6883 8422 3823 6897 1781 4860 3840 9986 1293 7956 7466 1324 822 5443 8518 2377 330 3408 4441 8031 5995 4973 5489 1393 384 4485 1937 8596 8601 1947 1436 5534 6050 5545 427 1458 7613 2514 3545 2010 6623 9700 2542 7153 509
56 513 5122 8199 6152 6663 8717 2071 2588 7711 2591 4651 9264 2612 2046 1592 9283 9284 4685 5199 7248 7256 2136 3673 3166 2142 2145 8290 8294 3695 3698 5236 9340 638 5251 9348 2182 7305 3210 9865 7817 3723 7835 6300 8859 667 3232 7331 8364 9389 690 5810 6330 5309 4286 5830 3804 5344 7394 2276 5862 7402 6893 8943 241 5366 4353 2313 2827 4883 8475 1314 4903 3883 4395 1325 1333 8502 6965 1336 6972 7492 2889 842 862 7018 2423 2424 385 4995 9604 7046 6024 6029 2446 8593 7569 9625 8094 1444 6569 2986 9647 8626 6596 2502 3017 457 9681 4574 8159 3042 3046 9212 1022 5631
57 1536 9231 8210 7188 546 40 2089 9256 8238 9778 1082 8256 8262 6746 607 5216 1121 8812 636 7294 6278 7304 9881 3231 2220 1199 9393 9419 4300 209 4818 4307 8917 4310 6360 4837 8933 6887 1765 3305 6374 2803 2303 7940 8966 9999 4371 9496 5400 3868 1822 1828 3368 8490 9003 3373 2862 7479 314 827 1347 854 9563 5984 2401 5986 7024 6003 8057 2426 2943 3462 5514 395 9100 6032 1939 921 6557 925 6563 935 3499 954 4029 8638 1985 8132 3013 4041 5073 4561 9683 991 8674 3569
58 6145 8710 3089 5139 4630 3094 8728 1049 1562 6683 2097 3634 2101 1078 7747 8789 604 5219 2153 6250 5738 119 6788 7815 7310 9871 3728 5781 5273 2204 1188 8875 1711 8879 7857 9398 4809 7884 8396 4824 5349 6889 1258 5873 8439 9464 2814 2817 9989 2830 9489 2322 8470 4891 285 3357 801 305 1335 9528 1338 9543 4937 3916 8013 3405 5970 2903 4979 8588 1935 8592 6548 9627 5533 930 1964 429 2482 8629 444 3006 8126 1476 8648 7625 3028 9178 7642 8162 5092 490 6127 2548 3060 511
59 3584 1540 7189 535 4645 557 1588 9783 3639 1083 1092 1608 7754 9804 590 6735 592 3069 9813 9821 5744 4726 1147 124 3709 5253 1165 8850 8339 659 9376 6819 7845 7846 5298 3769 2233 191 4291 6864 4305 1233 3794 8403 2270 6882 3307 7917 7406 9972 6401 5891 781 7442 8981 7960 283 4897 9010 2892 9036 1360 1875 5983 3430 9577 2924 3441 4978 1394 4981 377 8576 9601 5511 9612 8079 7059 6053 4528 5046 9662 9667 3524 1483 4060 3045 9197 7677
60 7692 534 537 7706 4643 5678 1591 8251 3131 4161 3143 5192 2634 6221 9806 2647 599 6747 99 2664 8306 2166 1661 3198 6787 3211 8341 9366 6810 7840 6827 9905 9912 188 6340 1222 9427 3284 5848 6878 3295 3299 8934 6381 749 9969 7929 4868 5382 5895 282 4380 3367 7993 2367 6979 9029 7499 331 5966 2896 8023 2910 5477 9582 9079 6521 5497 1914 5499 1919 3970 389 906 3994 4523 7603 2488 8121 1980 1981 8641 6082 5577 6090 6621 3039 5609 1518 6137 5627 5629
61 4609 9729 5125 2057 4108 5132 3596 1050 5149 4129 5154 7716 1572 2087 9260 3642 9796 5190 2632 1103 8277 6233 8803 8805 5734 2151 9331 3718 1678 2704 2198 7834 9372 5277 5293 1714 2745 1210 703 6852 3270 7367 9422 1241 8932 1266 5365 1782 3834 3322 6911 7936 1280 7428 6413 7441 1302 6947 5923 3374 4913 2866 1330 4918 6970 8000 1856 4932 3397 8007 2384 5982 354 892 2953 7054 3984 3999 432 9147 5053 3007 7618 9669 9160 4555 2508 4055 1499 6122 3053 7150 498 7155 503 1017 8701
62 5120 9219 8708 7181 4625 8725 5145 6684 7715 5671 565 8762 62 1086 6718 2113 8772 5705 5715 5204 9305 91 3164 5724 9310 7780 9834 2154 9841 8308 5750 1669 8839 2186 2706 4245 1686 4758 153 670 673 4772 6309 5292 8881 2231 9914 6844 192 1728 2754 9412 714 5337 9946 1244 7901 8941 9967 9970 7923 246 5369 4862 6912 3328 5894 3854 2319 5393 8474 5403 2332 5920 3363 4388 2852 1842 6981 328 4425 6472 9037 6990 8552 1385 3433 3947 370 2931 7540 7032 3452 6013 6021 7560 1420 5517 9102 5016 7583 5024 2465 418 8100 8613 1450 2480 951 9152 5580 7120 6609 9706 7661 7163
63 4099 9743 2065 3098 2590 4646 8233 8240 4148 6198 6207 9791 5698 2117 6730 2636 4173 8784 4693 600 5223 6253 6262 3703 4228 7311 8340 9887 2729 3243 7852 9901 2224 6833 7351 184 7869 707 2246 723 3799 224 2273 6891 6896 1275 7935 1804 7453 8482 8483 302 9009 1334 3385 7481 9027 3907 2373 2375 4939 5460 343 8535 7514 1882 3426 4454 4967 8561 2418 7542 3967 9602 900 9609 3981 6544 2964 3990 7575 939 942 9648 7604 8116 6074 2490 8643 1480 7118 5071 9183 3555 3048 5613 5621 8700
64 2053 5128 2575 9746 7201 8231 9776 5684 5685 3124 7734 5177 6202 3132 6206 4169 1615 1616 7249 3663 3158 5721 1627 2141 5730 3172 101 6244 2667 3702 635 2173 2187 656 8336 9879 2720 4769 1703 8363 7340 5821 2752 5314 3267 4290 1740 6349 8916 5850 4830 236 6892 6383 9456 756 2809 1819 2344 9530 2875 1354 2891 3917 6478 2898 8021 3926 6490 2909 8543 4964 7019 6001 9587 2935 8058 3962 6028 399 1425 8594 7074 8107 7605 8122 3515 9668 966 970 8141 2520 6109 3038 5598 9697 4578 7653 5105
65 3585 1543 1549 3087 527 7697 2583 7194 8733 545 5667 5156 38 6184 7722 8749 4653 1074 4659 5173 7221 1090 4163 9282 6220 5198 6739 5717 7769 4697 8285 8799 5727 8298 6764 4212 5757 1662 3202 3724 3212 5285 4267 1201 4805 5321 7881 6355 213 1755 5859 4846 2289 1780 8443 764 8445 4350 6417 1298 2855 296 3885 9518 1332 6455 6967 1855 6985 4429 8022 5981 7520 3425 2408 3439 7026 6009 7038 6533 6023 8590 1427 918 2968 8604 2471 5556 9653 5049 4541 5571 8137 9675 4051 6613 6615 8158 8160 483 3558 6121 5612 7152 497 9714 4601
66 8198 7689 4116 4123 1052 4639 3104 2598 3114 6190 46 6203 1596 7243 3149 2642 3669 4183 1626 9308 5213 1119 9840 1657 9344 1155 5764 1672 9869 9358 5271 6297 9371 4775 5290 685 5805 9903 7342 5811 692 7358 8899 2245 4294 7880 4297 9417 7885 6352 8407 3812 9959 2794 2795 3836 7421 3326 8465 4376 3882 5422 4406 5432 3407 9043 3412 5462 8028 3423 1904 9072 9074 882 4985 5498 4478 3966 8578 390 6539 912 2449 1426 6549 919 2466 4024 6073 3513 4546 3528 1481 5578 6603 8661 472 990 8690 5623 3065
67 4097 6148 6669 15 9748 7705 9757 9247 3622 2599 554 4652 7219 3137 2115 7238 2134 4699 9830 3190 2180 134 6280 1680 4757 9880 3230 2209 7335 7339 4782 4276 693 8885 3767 9918 6860 722 3800 1242 5853 7905 5346 9443 9955 1254 8428 9466 1786 3331 2822 9481 9997 7443 6942 5921 3874 292 9524 4405 4412 7496 1867 2897 5458 8540 3937 5474 9063 365 1902 7023 9584 4461 1396 902 5524 6045 1443 933 6568 6056 4524 9645 9651 2995 1975 7616 8129 4036 9670 4554 8651 6604 8664 988 3550 3560 1513 2540 8685 3564 5614 9205
68 5140 6185 4151 6204 67 7751 6733 1108 89 5209 7264 4194 5748 3701 7803 4235 7820 2189 1169 5784 5282 4272 7866 6842 2750 7873 9413 4296 9939 3797 4313 6877 1245 1763 3303 9963 1259 8942 1779 6388 3830 7430 3337 8971 4372 4886 790 4377 7451 6940 795 5408 8480 7970 298 1837 7472 9015 8507 9019 4931 6473 7497 2906 6492 6494 5471 9058 8546 3944 875 3437 888 2429 5502 4480 4992 1418 3980 7053 7066 4512 4540 960 9680 4053 5078 6617 4570 4576 6114 9699 5100 6130 9207 2559
69 8705 5648 5153 2086 7210 6188 3122 3636 2624 5697 7749 8267 1110 7770 7262 3686 8808 3692 4208 6259 1144 3193 4220 4221 2688 5762 1170 7315 5270 1183 672 1699 6324 8892 716 3792 6865 6869 3290 2781 8926 4320 8929 6881 1253 8430 7932 2816 3335 777 6410 9994 7440 2320 273 6933 799 804 1829 4397 2357 4920 2364 9022 4927 856 7002 8026 7537 8570 1917 6526 2435 3464 8585 8091 8093 7582 5536 2987 8620 946 6579 2484 5043 5573 7624 5066 461 6610 8149 7639 985 9181 8681 3565 2546 4088
70 8706 8709 6149 524 3084 4622 4624 17 3610 9758 1069 8757 6201 3643 1603 3652 6727 80 4177 2660 1129 619 1647 7802 5243 7809 5252 3208 136 651 140 141 2705 8853 7319 8855 3226 3752 1195 7851 1214 7364 1223 199 201 222 7904 5866 6894 1263 1778 1267 4343 263 6921 9482 269 6414 6419 2324 8982 278 3353 4898 9508 4904 2346 8492 1328 4401 7478 849 2907 5467 2908 8544 6505 5999 3454 4994 3459 403 3475 6046 2472 8621 5038 1970 947 3510 5050 5564 3005 7102 2498 5074 467 7126 9687 5592 9689 987 2525 478 2020 8165 1005 7667 6134
71 1026 3082 2578 8735 1568 548 2601 8239 9266 9281 9799 75 5708 9807 6741 6753 5736 4200 3177 624 9849 3199 8835 6795 4241 6293 8343 7831 8856 1695 2214 4262 1704 2215 8874 1194 9900 6139 5294 4783 6829 1202 4275 7357 1734 3785 2251 5835 4822 7899 2791 7913 7915 6380 9462 763 1279 9988 3334 3862 3352 4890 4892 7973 6444 9005 2352 8498 9014 9535 5960 9032 1866 1357 2900 342 2919 7529 6510 8559 6528 6535 5001 9099 398 6547 3480 425 5034 8114 5056 1984 8140 2000 9172 3055 5616 1009 3571 6136 5113 1531
72 6660 3589 8201 11 6672 5659 3100 4637 7196 4642 8237 6192 4658 9785 9290 1102 6223 8788 2652 3683 2150 5737 9839 1140 9332 8824 8314 3707 3713 7299 4744 1161 5779 4244 666 5283 676 8868 166 5630 6318 7860 3261 2753 5827 2761 2249 6370 2801 8954 5378 6403 780 3342 7957 3877 1831 8489 9002 9011 3892 8514 4941 2902 869 2922 7534 8566 1407 5504 9094 7564 2445 5007 1424 9618 8085 934 9126 2991 2997 4537 5051 446 7615 450 8134 2504 1484 8154 8667 5097 491 4075 6641 8689 2547 6132 2550 6649 3580 2558
73 6658 8213 24 4121 3615 7202 6182 5689 5704 3661 7757 9300 6740 9301 94 1120 1634 8804 7275 3181 632 645 1673 4234 1168 5265 664 5785 7323 5278 7326 7854 2227 6331 1215 6335 4289 2758 204 2765 6862 6350 2780 2269 229 7678 1790 3839 8959 6406 1815 6436 4396 6968 1862 9551 1368 3929 9050 348 7006 1889 3432 4458 9069 6511 6516 3957 8072 394 7567 7574 2967 2456 1945 3485 4514 2468 423 9646 4019 8633 3521 4557 984 5599 480 7137 6631 4073 4590 4080 6129 7670 6142
74 4608 8704 9230 6158 7193 3618 1575 45 53 3637 2615 6213 5191 6737 7251 7768 9817 3676 4712 5227 7278 111 8816 1650 7805 6783 1152 9858 6800 3233 5806 9394 3260 189 3774 7876 8901 7878 1737 3274 9938 9950 4326 8949 8442 6396 766 261 5897 8464 9488 8986 6438 5931 2353 2354 5428 308 2359 2883 9034 8525 3931 4957 1373 4963 871 6508 366 7029 4470 4471 9592 2945 903 402 3476 3494 1968 9652 3508 2998 443 8128 5569 464 5082 9692 3553 9188 5605 6120 6645 3576 8186
75 9217 5 5638 9228 3597 1044 9239 8217 6175 5664 3108 9254 5672 8236 8750 3630 562 8247 9278 4671 4677 1096 4682 3664 2130 1620 3167 6243 3174 616 5224 8299 5231 2694 8327 6292 8342 6295 6305 5808 4283 7867 3268 3787 9932 1753 3802 9434 8427 4844 5875 6395 6925 3857 786 6931 7449 7968 9517 3888 3902 9542 3400 8019 9561 861 7524 2925 367 5495 2936 2954 1933 1428 7581 3487 1440 7073 4002 4004 1445 5032 3502 6577 8117 6071 5568 7617 6107 989 8672 2017 3561 2041 7676 7166 6143
76 7680 7171 1029 4103 7694 8211 4117 3606 4633 8221 7200 4132 9252 8230 1062 6698 1598 8260 4680 1104 3175 3176 7273 620 3697 9842 8307 6771 8819 8822 6774 9339 4732 6780 5259 5775 5281 5795 3758 3759 3248 6835 697 1723 702 7874 1226 7888 720 2260 4312 4825 732 6367 4833 9966 3825 771 9477 270 8471 3355 7460 5928 5417 5939 6465 2387 3414 7510 4444 1374 7526 2920 9593 1920 6529 3982 2960 1940 5013 2973 2975 3493 7077 9639 7080 9129 1460 7611 8636 8127 2521 4062 5088 5090 8675 8166 493 3054 4078 1520 8692 4094
77 4109 4621 2580 8214 6678 7199 2594 8228 2608 8753 7737 2618 7742 7743 9801 3657 76 1619 5720 6748 7270 6247 4717 4205 5233 1649 1671 5262 6287 5776 7314 8862 3236 1190 4776 5815 1720 7865 7354 7355 2238 5312 1729 3265 193 9409 6341 8397 8400 3286 6359 1751 1758 3296 7393 5358 5882 5887 2304 260 3855 2327 6429 2334 5424 1841 4403 2868 7491 327 8523 4949 5978 1376 363 5484 8558 4982 6012 9085 899 2958 1954 7590 5561 9658 6595 2506 1995 9678 4047 8142 3557 9194 8688 3057 6642 7665 9716 502
78 5126 8716 5138 5142 9251 1066 4146 7735 8248 63 6210 2637 79 6226 93 4191 4206 3183 128 8326 9351 9359 655 7327 3237 4778 6315 684 1706 686 6322 3764 180 5820 3773 4796 1732 7369 5834 1741 3277 7375 9933 8401 9431 8418 9445 5352 7404 5889 5916 3360 806 1326 1838 1844 5948 7498 5962 339 3940 4966 9574 5994 9579 1901 6513 1913 2939 895 3457 4484 2442 5004 2447 1938 9633 8610 1447 5033 9642 7087 3512 8634 1466 957 2494 3010 8649 1996 2527 9701 2543 495 8182 7162
79 7180 7184 9234 2581 5146 4126 6176 1570 35 2091 5164 7725 3115 561 49 5683 8756 1076 2102 8764 1084 4167 4170 3659 9292 9293 9809 5207 8300 8304 9345 644 8851 5279 5287 6823 7337 177 2229 2230 2748 701 7362 5842 4820 1237 3288 7906 5861 9446 2277 7400 7924 3329 3330 9990 4367 276 3861 7961 1306 1313 7979 2879 5439 9025 831 2374 2890 847 850 2386 9554 1884 9589 7541 4474 379 1916 4996 5510 7049 6546 5523 3989 1430 9621 8096 1446 5544 8106 6059 6573 435 8628 4538 1997 463 4559 7635 3033 2533 6629 2032 505 9213
80 6656 6 2056 2570 8202 8206 8718 9257 5172 58 570 6714 3136 577 9795 5700 7242 3671 9818 7258 4709 5739 112 8821 5237 6775 8826 8322 2692 8325 2183 2188 5261 3727 3225 5286 6310 8366 4795 9919 202 8908 8421 1257 5867 755 6904 1789 256 8970 3850 4877 5906 7445 791 5919 9001 7471 4915 7988 2869 5947 9020 2366 7999 8513 6988 846 3409 8532 2403 7525 1395 7031 7546 4481 4493 8081 8082 2972 8605 6564 6057 9136 7602 9139 3518 5060 7643 8669 7652 1006 1532 510
81 4 4101 5129 4629 1563 3613 7731 2099 1595 61 1085 2626 2651 3169 6754 5226 114 3188 6270 9347 8328 8842 4748 8846 145 146 8854 7321 1692 6301 7328 9889 161 8372 4277 1211 4797 5823 9927 7890 725 9432 7389 4318 3818 3829 5372 1278 9983 259 9478 5907 1299 788 6428 8989 9503 6944 803 807 8999 2345 809 1835 2861 6454 1848 6974 2371 6506 8043 5998 8569 2942 4999 7563 7568 5010 8084 6042 1442 1969 950 9143 7097 6589 8646 9679 1488 2007 7130 6106 3043 484 7662
82 2052 2565 6161 27 1060 3635 5688 3653 7239 2124 9811 4694 92 9835 1133 7793 7284 6779 1660 6781 5759 130 5256 4745 138 1684 3222 4762 2717 5789 6306 678 1715 182 8886 2235 197 1225 8399 6353 4817 1234 9951 7398 2282 8939 1271 255 8451 2829 3346 3863 2840 1308 5407 9510 9519 9526 2887 4936 2383 8533 853 6488 9049 4443 4449 2914 3943 1384 9578 5493 4986 2428 8579 8071 8586 400 2962 2976 8099 937 9131 439 5048 1467 1982 6594 8138 4045 5094 2535 2539 9709 4086 1529 7675
83 9223 2568 1039 530 22 4120 550 4140 3118 1070 6193 2100 4157 8254 5182 1089 3650 8259 6725 1093 6239 1646 5232 9330 4729 641 1666 2695 7816 2700 1167 9360 5264 2195 1175 1178 2721 2212 5802 2222 7858 2739 5814 694 5818 2239 6853 2248 7374 6363 8923 3815 5864 5379 1799 6920 2833 7456 6945 5925 6949 2854 3893 4410 3393 5445 5449 2380 7504 9044 341 1372 866 7528 3948 881 3445 6523 6534 7047 6025 7057 915 4506 6561 8124 8133 6611 6619 7141 5098 9715 5620 4087 9726 8703
84 2051 9731 2569 1546 531 1555 543 2085 3625 4139 7223 569 3641 1610 9825 1122 9324 5229 2672 113 8820 4724 9337 3732 7833 5787 9377 9891 3238 7338 6834 6838 4282 2236 1726 3776 6337 194 8398 7378 5331 7895 3803 7387 5865 1264 1777 753 3826 1784 4351 6400 3842 8964 3332 3846 4873 8469 277 5911 6938 7963 1836 3889 7992 317 9026 6467 3396 6993 6483 3416 1377 8036 4969 2413 4466 8061 896 5506 7051 7056 3473 2977 5027 3491 5547 8118 6070 5054 4547 8645 7621 5575 9157 466 1496 6622 5604 5608 7658 9707 3572 6644 4597
85 8194 1556 2075 7708 5152 36 8234 6197 2103 1594 9790 8255 6211 2120 4193 1633 610 1131 4716 4715 2171 9346 9866 2190 4239 4756 3221 7318 151 9379 9892 8360 9386 4266 7341 175 7348 3256 8377 8893 715 1750 2775 1752 9433 7898 9944 734 2786 744 7912 1772 1773 3313 6390 7415 5371 4863 8458 8467 5908 2326 2328 2847 7976 1840 4415 9024 2882 1861 3398 848 4434 3925 5979 5482 5486 1402 4477 3466 909 4496 6558 9128 430 3503 9144 8125 973 3024 2002 8663 4056 9694 486 1512 4076 3568 1019 2044
86 7688 9737 3101 30 5663 32 6177 2595 2088 5162 3628 3644 66 1607 8264 81 4185 4705 4207 6768 9335 2687 2689 3209 4750 4752 9874 4243 3220 6804 4248 8858 1179 6304 8864 4771 8355 1192 6841 1724 7366 5319 8394 1742 2268 738 7407 4861 8958 5886 1793 1287 6408 2824 9480 8463 279 5918 7969 5934 6450 3383 2873 4924 5951 8512 6977 5956 2379 7501 4435 7508 5465 3418 6004 372 8055 7547 5518 3985 913 7067 8095 938 2990 5550 8622 945 3506 6582 7095 952 3001 4552 2509 3542 6620 8167 8174 8176 8177 2552 4095
87 7684 3079 521 6172 3616 8227 8743 8747 6191 2614 3064 3646 2118 1101 9808 3160 9316 7271 4219 7292 7293 9350 5777 6807 5788 8354 7844 5797 9897 7344 9907 6839 9400 3770 3782 7370 2762 7382 5855 1251 6386 9459 251 5884 7934 3845 6918 9993 7439 1297 9493 4374 6957 815 7473 5431 2876 9534 5438 3908 4430 8024 3932 5472 3431 5993 1389 877 8047 9098 1930 1936 3474 7061 5526 5014 7064 923 9635 7091 2489 4545 449 8647 9674 5068 1485 8666 1500 3047 489 3050 7148 7156 4600
88 3587 2058 523 1041 20 1045 6696 9770 9261 558 9271 4666 7745 7753 2127 1618 1621 1630 5740 1148 129 142 660 6805 2711 1688 3737 665 152 8865 6307 3748 4261 4265 9391 179 3252 7862 8891 8392 1736 4303 6362 6365 4829 1762 7396 3816 5357 3824 6898 9465 4859 9468 9984 2825 7945 1807 783 2835 2837 3350 8984 8994 6453 3904 8516 5450 4427 6474 2381 8012 1874 8020 344 3420 4959 9568 6499 870 5478 1900 5488 3959 8059 4989 7558 3468 2966 411 1948 5025 4008 948 3530 7627 4050 7135 5601 492 8173 4595 1524 507 5114 3067
89 2572 8208 7699 2069 7724 1071 5169 7730 9784 2625 6212 5701 6729 5201 3154 4692 1625 2650 2138 8297 7786 8301 9329 3191 7799 2169 121 9336 3710 9860 5768 4233 8329 1164 5773 2702 9870 2712 9882 3227 3738 8356 6311 7849 5803 6316 4781 8373 4802 7875 2760 3796 6870 3801 5856 2281 4845 7412 2292 7413 4865 3844 8969 268 2834 7955 4370 2859 7984 7989 7994 2362 5959 1355 1358 5461 5466 2395 4451 889 9092 4503 8101 4006 7083 4527 4017 6067 4543 1987 7117 8147 982 7128 2522 4575 5615 5104 2039 1533
90 1 2062 1047 2592 6689 9764 51 6707 4154 3138 5716 4181 7253 9302 3675 6237 2143 4195 2663 107 5228 8817 2674 7812 6792 1162 7825 1181 8867 1196 1716 6326 6336 7363 3784 6354 1240 4315 733 6879 4327 8938 4342 3320 5373 8449 1283 8454 4360 4874 5899 2315 9490 9495 5405 7966 3870 9501 7457 2845 2851 2341 7978 2860 4399 3377 5938 9012 6966 3390 6976 2369 4426 843 4942 9575 1897 6520 9599 7042 7043 4489 397 9616 4498 1435 7078 3505 8113 4026 2493 961 6094 6606 4052 7131 6108 2021 9198 1008 7668
91 0 1032 5650 4114 6676 21 1064 5677 5165 6702 5680 1073 7218 2621 3141 4679 7245 1107 4703 7778 8296 7785 1128 6257 2675 1651 1653 2165 7800 4218 7806 8831 7807 1160 8335 8848 149 3740 1184 6820 7333 9390 9906 3765 3768 5817 6848 3271 2252 1232 9426 214 8918 4828 3294 8928 9954 8930 2788 5347 3819 5871 4346 3345 4885 7964 3371 9004 9522 7484 828 6462 5963 3918 4431 3422 5991 3950 9585 7039 5531 417 8102 4526 9150 462 978 5076 7125 2006 4063 4585 501
92 5635 9738 7178 13 7187 9237 7191 539 2076 9759 1571 7205 8742 9255 5674 7212 9262 8241 7220 7227 2111 4160 9280 9800 3162 1628 4702 4706 103 9833 1137 4727 3704 4751 4753 6291 9886 6817 4791 4794 9416 7882 1746 217 3807 1250 8935 4336 3312 6385 243 8950 5900 7949 1812 6420 1315 812 4909 9007 1843 9531 9539 8519 9042 2388 7521 361 9596 7044 1925 5003 7055 8086 6552 8092 929 9127 941 6066 7606 953 5052 447 965 4044 6092 471 7640 3551 8686 6131 8693 1530
93 6665 5135 7696 528 3088 3603 9747 23 6168 5656 4635 4127 9760 8739 4141 7726 5166 4669 1606 2129 9819 6749 2666 1643 6254 117 1659 6790 3720 1674 6798 5267 2708 1180 3743 3241 7850 9388 8880 3771 6338 196 3287 8424 3310 4335 7416 8444 9469 9982 9472 2819 9476 5389 1294 1300 8479 8481 290 8996 808 4914 3379 6464 834 5442 4418 6983 8536 8025 3419 2398 9569 1383 6507 4971 5487 2928 8050 1908 4494 3983 5521 7570 6041 1971 1470 9156 7626 1490 3027 473 2529 6634 7161 9722 2555
94 4613 7179 2064 5655 2585 6174 1054 1058 3621 9253 8744 9267 2613 9786 7230 7236 5706 8781 3156 8790 8794 95 1125 6248 4725 8309 3196 6268 8832 1667 132 3717 9862 7821 4237 9374 9894 172 9902 186 3781 3275 5324 1744 5339 7392 1766 5863 2799 242 7922 6387 3319 2811 7937 2305 6415 3864 4378 7450 8995 7468 9013 6459 832 9550 4433 4946 4950 1879 1885 4958 349 9066 2923 8557 4974 368 3447 6027 5516 2985 6570 6572 5045 8644 1991 6608 5588 2517 4571 3035 3040 4067 5109 8184
95 532 6164 5660 37 1578 4138 1585 7729 7217 6196 2098 8249 60 5693 7232 6722 6726 6230 4182 5218 3684 6760 8814 6766 5238 9341 4222 3204 8330 3725 2193 4759 5274 6303 3746 8362 2223 3772 5822 8904 6345 1739 4302 6366 1248 5858 8419 2798 9454 758 2301 5892 1803 3340 2340 5412 3886 1860 6991 337 8032 3942 7527 2414 4976 1910 5500 1932 1944 6559 5029 7082 4533 9654 441 2497 1474 3011 9161 9165 8143 6097 9684 2008 3546 475 6626 6637 494 4598 9723 6141
96 7175 7 19 8212 7195 6183 4647 9767 5679 3125 2107 3135 6222 4190 3680 609 9315 8292 613 6756 6759 5221 7788 1136 5751 8318 8321 4740 4746 7308 2703 9872 5786 8348 2728 169 9898 1707 5304 9915 4284 9405 5315 5316 4807 1229 2766 3279 3282 9941 1243 8927 4838 8944 5370 3324 6916 8460 5901 4878 5394 1317 4902 1319 4407 7996 3389 4414 7487 3906 8005 3403 1871 9553 4442 4445 5470 7522 868 1893 4465 8054 386 1924 9614 4520 9132 2486 963 967 1479 6601 7632 6616 7139 9711 9712 2034 9203 4082 5111 5628
97 3591 9735 5641 6155 8715 9236 6680 8219 4638 3103 5158 6700 9774 6194 3145 3147 8275 7764 2135 8280 5208 1113 8797 7783 6776 8313 3711 1154 6794 5771 7306 1677 9867 6806 4763 7325 7839 3756 8884 7349 698 4798 9921 8914 7380 2261 5852 7909 9447 2792 5353 3306 1260 2796 4850 9460 761 765 6411 9483 5395 6935 796 1309 286 4384 5929 6956 7982 6447 304 1331 1337 8505 2885 9047 2905 8034 3941 3449 7559 8587 1422 920 9628 5022 7586 6055 8623 4531 1478 5064 9673 1998 3538 3032 7136 6630 7656 8696
98 3073 4102 1037 2576 3600 536 29 6687 6699 1580 6706 9273 2105 3645 6205 2112 9798 1115 1637 2662 4197 120 5246 7296 643 2194 7316 8344 9883 2716 5792 682 3254 198 5322 1228 9940 5847 3805 2271 8420 3822 3311 2808 1273 4858 1277 7942 7433 1290 3860 2844 6941 3361 2850 8484 5924 300 5935 2863 6961 1345 3404 6480 2385 4947 5975 4440 4952 2393 3928 7003 7517 9566 8541 7010 8548 1907 7543 4473 893 4991 393 1934 4501 413 6560 1961 8105 3523 4040 5585 4568 4058 7648 9199 5108 2042 3583
99 2050 2054 9739 5133 7183 2577 8216 2586 5147 1567 1055 39 8235 2606 9775 3633 8243 8770 9285 3142 74 2128 598 9828 109 2162 3722 7309 1172 1691 5276 3229 159 6312 168 3269 6859 1230 2257 8412 4317 7907 7911 5360 1797 2311 264 8974 8978 6932 7958 4381 6431 1824 5922 2339 8998 7464 3903 1859 9035 5457 3411 9555 4437 9559 4956 4459 9603 7556 901 3467 6540 5008 5015 8603 420 1973 5559 8120 9672 3537 2530 7651 1507 9698 4582 8678 5602 8171 4588 9201 8697 9214
