100
0 0 1 2 3 5 6 7 8 383 10 141 15 6160 1808 655 1552 21 3223 155 28 158 2209 3617 1828 44 1071 815 1460 708 968 4171 76 205 588 1110 478 229 4479
1 2052 9 7818 11 12 13 14 15 21 2202 6045 797 34 6052 2218 176 949 8629 187 8512 65 2498 67 3274 4048 724 3160 91 96 97 6890 251 243 633 6779
2 0 1 2 4 3208 9 17 18 145 22 1687 25 282 1052 157 286 32 34 3626 299 56 71 338 9305 987 95 352 2145 100 229 356 2424 253 8703
3 642 5 903 13 658 3603 22 5144 2078 799 34 293 40 169 5675 172 1325 5419 54 183 186 63 65 69 3144 2378 77 82 3676 229 231 236 498 255
4 131 7 7687 10 138 12 13 14 144 9493 25 26 30 1950 36 676 2088 941 1582 2098 72 76 1361 8401 724 7895 859 105 3056 503 248 381
5 0 1 2 3 4 641 390 10 14 15 145 21 1173 25 2076 29 31 3110 40 42 4908 181 186 5052 62 1217 330 74 4824 3301 3433 363 1012 2812
6 0 1 2 3 2177 4 2051 391 519 8 10 11 16 2961 18 19 23 5276 29 32 288 6571 1591 57 61 1476 2431 845 78 6656 90 1378 1250 7399 2282 108 112 1913 383
7 0 1 2 3 1027 4 775 9 11 17 3730 406 23 24 27 1310 40 1072 49 442 63 194 67 328 462 469 8150 981 2264 2266 1119 96 5990 1127 236 245
8 0 1 2 4 5 5515 11 5519 278 22 7702 25 27 1572 37 41 430 9903 46 178 50 180 58 700 831 1089 323 74 464 6359 1495 7269 123 364 5361 1403 252 3198
9 128 3973 7 2184 3338 11 144 1554 21 22 280 24 3110 425 554 6188 684 3249 179 55 56 2746 3131 5063 716 1741 1614 9175 88 730 859 609 359 235 2158 9073 113
10 0 256 386 258 4 1 5893 8 9 138 12 13 15 16 1816 26 2844 28 1436 9375 289 9890 5027 5926 39 40 42 9798 4807 1737 587 222 6249 111 243
11 6912 4 136 8 10 2062 17 20 5524 662 287 5797 934 38 1706 49 5681 53 1595 2496 65 708 69 83 4947 9566 356 1001 619 116 372 8056 2683
12 0 2 3 5762 9 521 11 12 16 154 6042 28 29 26 1696 166 554 300 45 826 58 63 66 2757 69 333 82 83 88 218 90 93 95 486 116 117 6907
13 0 1 2 3 4 5 6 8 9 10 12 1293 13 14 21 22 152 409 27 36 807 176 1859 69 74 1610 1482 9677 463 1490 342 2264 226 109 2546 757 249 127
14 0 1 2 4 6 7 11 398 6031 4752 15 21 30 31 1315 38 807 167 41 170 303 176 50 51 948 5429 1590 74 331 848 3548 485 5222 1126 4973 4848 118 119 380
15 0 1 2 3 4 5 8 6025 12 17 19 404 21 24 26 29 672 169 42 45 47 1583 437 1591 2235 68 3915 1503 7777 100 5482 117
16 2048 1026 130 5 134 4362 10 15 16 145 914 659 275 148 5526 2967 5792 418 36 37 1959 170 8875 45 6450 1979 196 968 332 9295 2522 1754 992 2156 117 121 1021 9471
17 256 2 6797 17 18 19 2329 1051 412 285 418 1062 945 1077 60 191 842 7243 81 87 994 2405 232 361 2924 236 622 245 5621 2809 125
18 0 1 2 3 4 6 7 8 9 13 21 25 26 796 546 169 7593 56 189 701 322 204 2128 94 1251 99 3813 750 118 632
19 0 1 2 3 4 5 6 9 11 12 13 143 15 17 20 533 24 27 31 35 1190 6697 46 1966 7995 65 71 203 4430 346 91 231 3699
20 13 15 1169 6549 22 29 159 33 34 1187 4259 307 4408 3642 59 195 325 587 2380 3790 595 90 1117 354 227 4197 101 2153 1514 1130 3052 1397 120
21 0 1 2 3 4 5 6 8 9 10 8843 12 3849 5270 25 27 28 155 33 1954 39 2863 55 183 59 583 74 1996 218 5728 3684 105 3692 366 3700
22 0 1024 2 4 389 5638 7 14 142 16 529 1041 6035 4372 23 1563 32 37 173 4526 559 47 55 69 6599 73 205 85 344 88 859 9053 244 1148 9086
23 0 1 2 3 4 5893 5 7 8 9 10 13 14 15 19 20 23 665 26 156 671 42 1710 435 4278 186 3900 69 454 710 346 94 226 4594 759
24 5 7 8 9 13 9742 15 2193 147 19 22 26 27 542 799 1697 34 35 6307 9768 1195 44 45 9134 3756 8114 179 50 3124 5566 62 328 6348 719 3796 345 92 4063 250 253 8702
25 3079 8 270 2191 14 17 3730 2321 2199 2587 5532 6943 425 44 48 1328 952 2494 3262 577 71 199 201 7242 583 83 602 90 227 230 1126 106 5482 113 4722 2685
26 0 1 2 2178 4 1283 6 5127 3 5 135 11 12 7820 13 8 138 17 18 19 660 21 22 409 1434 3100 161 34 171 56 57 188 62 2135 3038 100 114 115
27 0 2 3 132 4 6 8 10 17 18 151 29 158 2848 33 34 1954 809 2862 46 57 315 446 2624 582 203 76 82 990 102 1257 2033 5492 501 1917
28 128 259 900 10 11 396 18 22 24 25 7970 3236 4133 936 6571 175 1074 437 1077 2619 2239 329 73 1752 217 476 224 483 760 1663
29 3 517 10 268 780 22 151 24 793 666 158 4895 294 424 1576 44 176 1587 1461 1078 182 442 59 190 66 196 723 3158 984 475 860 358 112 121 127
30 0 1 3 3972 5 6 9 138 11 2955 13 15 21 7192 25 27 32 33 42 5034 48 176 50 53 54 962 4938 6992 209 338 224 2406 6643 628
31 1 3 131 6 7 263 652 12 15 143 918 26 28 4386 678 39 6440 41 44 6572 5170 694 1079 9162 715 597 88 94 108 119 761
32 7 12 14 4241 20 3735 23 24 6174 34 162 425 5801 43 51 52 2938 66 67 3784 209 83 3923 98 100 247 378 381 510
33 3 131 6 7 10 11 1807 16 22 539 34 36 8488 940 45 5294 46 178 2233 186 188 316 708 201 2250 73 3790 1621 90 602 7387 742 8168 106 107 112 1011 245
34 0 1 2 3 4 7 137 6538 11 12 9 14 20 156 2076 34 168 554 1324 5038 47 3759 50 52 64 1216 6979 1861 71 722 355 5737 233 1516 115 371
35 4613 519 137 15 529 17 26 49 52 310 55 953 186 316 60 2371 4164 836 969 975 1363 212 2516 471 344 89 96 1504 229 3560 114 763 6012 1150
36 513 5 134 7 5005 19 21 278 25 33 36 39 41 42 554 561 179 51 309 1340 71 714 4051 597 92 96 99 105 1388 5361 6137 1532
37 4 8 138 526 16 20 404 7574 155 412 28 32 37 1446 295 4659 2739 1846 4790 566 68 582 202 587 1740 210 348 97 100 105 109 6130 120 125
38 768 257 2696 9 906 138 271 1424 15 18 6037 6166 24 165 170 42 1456 1073 1329 1844 60 61 320 73 718 590 98 101 105 110 120 252
39 896 1 2688 3 130 5 9 393 141 14 17 23 792 26 8735 33 421 166 301 1973 1082 192 322 71 968 1481 74 2125 979 88 219 2143 879 506 373 250 1150
40 0 1 2 3 516 4 7 137 11 1039 655 15 18 19 20 23 280 27 669 5154 1058 36 39 935 44 9519 176 561 7347 7606 62 69 331 210 82 214 86 88 218 247 250
41 130 900 7 8 135 10 11 13 1679 17 21 1173 1304 156 28 797 2079 162 290 8743 2344 41 39 2735 1456 53 1723 1213 65 66 68 70 2380 716 340 1368 474 1128 6379 7147 2160 625
42 0 1 2 3 131 4 6 7 8 9 10 519 138 1290 15 18 25 26 27 9886 800 164 42 46 309 4537 65 73 77 78 472 88 603 94 95 2400 8931 1516 6259 3711
43 257 1667 6 7 6410 12 1421 16 401 916 5269 23 280 30 3488 299 172 686 50 1089 9794 66 580 3528 74 3532 589 1361 3282 1621 95 224 739 4837 753 1396 6783
44 0 1 2 256 3 5 7 135 9 10 2951 2575 20 5014 25 1051 6044 1310 31 164 2091 43 56 58 708 197 72 7624 1610 202 332 77 214 112 498 117 4089
45 0 1 2 3 4 5 6 9 138 12 21 26 156 4253 5921 35 676 293 425 938 174 176 51 55 187 6729 1756 95 225 99 105 5226 123 1148
46 0 1 2 3 4 5 6 7 8 9 1161 14 15 142 2065 19 788 280 5275 412 164 39 1704 43 9902 4148 55 3003 1340 9021 443 63 70 329 206 1489 83 1245 1502 4704 233 118 123
47 0 1 2 3 4 1156 5 7 8 138 779 11 14 15 1042 20 21 25 26 28 157 33 3106 38 39 50 1843 188 68 1863 2132 1623 229 3955 375
48 0 1 2 1282 3 133 5 774 4872 9 2825 138 12 14 3477 662 5915 795 7325 669 158 42 300 176 51 4019 4673 70 79 4180 5973 4821 96 97 103 236 252 124
49 2177 257 6018 7 13 145 18 407 414 33 34 1061 1446 679 2477 817 49 54 566 699 60 7231 3520 327 202 2513 216 473 738 99 2662 111 6767 114 756 119
50 0 2 514 6 7 10 395 13 6158 15 16 18 19 412 176 817 51 54 56 57 3644 62 447 1089 322 66 3140 69 1233 594 1495 1372 866 6755 106 363 126
51 0 1 2 2818 4 6 7 9 13 14 17 9234 788 21 22 23 24 9365 27 28 159 288 33 45 63 1728 1989 966 200 78 8783 334 213 597 725 4705 2410 2420 508 4606
52 4226 6402 133 6 4869 2312 269 13 2702 397 145 18 789 1561 6171 7979 1588 311 56 61 2625 207 339 212 467 603 1886 224 1379 7278 244 2293
53 0 1 2 3 5 6 4104 264 10 11 138 909 15 148 24 550 2986 46 55 71 4680 968 1866 6604 4685 1232 89 5850 609 1378 99 101 380
54 0 1 4 5 9338 7 391 9 132 12 15 19 24 27 5020 7070 36 5412 422 37 41 42 9517 46 47 432 50 67 1108 84 350 1506 1389 1263 2426 2684 126
55 0 1 2 3 132 5 6 8 778 11 14 16 19 6169 25 8345 155 29 1184 163 38 554 44 301 3244 53 4152 708 460 1107 1373 1502 3425 6887 108 111 1137 115 117 1150
56 648 9 12 140 1806 2832 1296 17 151 665 1691 2983 41 3500 44 8886 1334 6082 579 70 455 73 1739 1100 79 335 82 9175 87 2650 605 994 9061 6510 624 4081 246 120
57 1152 129 4 519 2568 649 1545 7431 1677 14 2706 150 791 408 30 163 37 38 46 1967 1073 178 63 71 968 5834 81 468 349 3689 1518 112 891 126 511
58 0 1 2 3 1540 6 7 1159 8 1799 138 15 17 18 1044 25 9628 36 41 299 48 178 51 703 319 77 1363 2012 221 867 869 7274 111 112 4977 252 124
59 8450 3843 1412 2692 902 7 6408 8 10 2187 11 139 1429 22 1566 35 2980 37 933 39 2479 58 189 64 1728 70 585 977 82 216 93 605 225 1264 2295 762 127
60 0 1 2 3 4 646 7 8 5641 138 8973 14 272 656 19 23 28 29 2973 6689 419 35 7718 1959 297 42 51 309 64 69 88 219 2652 9957 1384 235 108 118 120 6137 123
61 0 1 2 3 6787 7 8 9 10 14 17 19 23 411 155 29 286 32 160 33 4781 47 178 5812 57 60 63 1345 71 1225 2769 465 601 2148 240 9584 119
62 133 8 650 12 527 146 147 2196 539 3488 928 162 1826 1571 37 38 3234 2475 182 56 1213 65 3400 201 719 216 92 95 5731 3428 491 109 248 1017 510
63 0 2 3 2690 5 7 8 138 12 14 16 147 148 19 22 4630 280 24 25 155 3097 1054 1183 33 5410 40 42 45 1206 1334 2360 59 2363 68 5190 585 1495 2921
64 512 136 5001 904 12 2958 1428 23 671 32 805 41 42 45 1968 8004 1353 3535 336 208 1236 84 2262 3032 1628 989 8034 238 755 9460 3317 379 126 1919
65 0 1 2 3 5 6 9 10 12 156 414 1694 33 34 35 36 45 431 52 315 59 452 69 2889 343 9559 2780 4584 107 626 2805 121
66 0 1 2 3 4 641 6 7 8 1671 12 14 16 1937 21 3097 155 32 33 36 37 296 53 59 69 1606 839 337 94 1759 5472 355 9711 502
67 0 129 2 256 4 5 1927 8 1671 10 138 19 5921 34 37 38 554 172 46 49 3252 56 186 1854 68 2503 200 1743 2383 209 1361 86 93 3430 103 119
68 384 0 2 1 4 5 3 2818 8 9 11 2190 143 16 7055 18 21 23 2327 27 29 32 47 3761 310 4025 1601 1502 225 229 365 239 6001 6514 753 5625
69 0 1 2 3 4 5 6 388 8 9 10 11 1671 141 17 276 28 33 427 47 1593 58 57 62 63 73 1482 977 1883 1499 1119 358 3561 109 8180 245 762 1279
70 0 1 2 131 3 6661 6 7 3975 11 268 16 17 21 278 279 25 2458 3097 31 42 554 44 57 193 2883 456 462 82 5724 107 5999 4211 253 4859 509
71 1 1922 131 5 7 10 12 13 1806 16 406 24 25 280 157 40 169 554 556 49 58 77 1102 337 723 85 864 225 1141
72 0 1 2 3 4 6 510 7 7433 266 395 14 19 20 23 25 26 2333 38 45 7981 184 189 70 76 334 978 216 225 249 230 2282 493 4335 369 121 4478
73 514 7 8 9 268 2700 2060 1039 2064 2193 1562 165 308 1845 53 309 1603 9414 70 1484 333 334 79 120 93 3166 864 1635 876 751 2424 637 254 127
74 3 5 4103 8 3600 19 150 8087 25 2720 32 2850 1059 294 807 9896 3624 680 48 49 9652 180 54 956 1991 1224 75 204 2639 83 84 1365 4820 218 609 5477 3053 126
75 0 1 2 3 770 4 6 5 3975 9 138 11 14 16 17 18 19 2195 662 23 919 27 32 1956 5672 43 1841 62 64 69 454 583 75 87 1373 356 873 107 495 118
76 0 128 2 3 4 5 6 1 8 9 10 11 3596 2060 16 17 22 2715 27 3228 155 35 39 43 47 48 455 204 3279 81 225 869 103 113 245
77 1 134 7 6 10 651 12 16 273 18 19 8466 24 168 173 1071 1593 59 447 197 76 78 2517 217 6745 222 1888 2657 499 635 2942 1407
78 6 396 14 18 2451 20 1686 1948 1181 5278 1951 1953 422 680 44 1075 54 55 190 318 195 69 77 8015 80 1105 215 602 91 4452 356 885 632 635 1406
79 0 1 2 2051 4 5 389 7 3 1401 10 8450 270 16 19 21 6165 23 25 27 33 37 2221 301 175 50 51 5299 77 1757 98 227 1896 238 498 500 1017
80 0 1 2 3 5 6 9 653 13 17 18 21 150 279 24 3224 25 155 34 3244 50 54 3000 1857 72 1483 7884 4046 6607 593 89 859 349 236 492 7155
81 0 1 2 3 4 5 1414 7170 6 2950 10 3458 12 15 272 18 26 31 32 33 2848 175 2882 836 2628 1363 89 861 1390 6382
82 0 1 258 3 4 2 517 264 265 12 13 142 1167 19 21 22 40 8365 3502 435 1332 53 1077 184 1210 58 5055 64 576 72 1737 2385 89 612 358 234 621 625 120 1401
83 0 129 130 2 3 5 7685 1 2433 266 138 12 140 1048 26 37 168 301 433 57 193 73 1235 83 344 4060 101 1001 109 1134 6642 115 1532
84 0 2 3 4 9 11 523 7437 14 20 21 3097 28 8733 31 4129 289 33 161 39 4138 2219 176 433 66 68 1737 75 207 81 5350 1130 244 118
85 130 7557 134 20 2838 2842 28 544 419 35 36 40 169 939 429 687 52 951 720 6234 476 9442 101 232 362 242 503 505 122 124
86 0 1 2 4 5 7 8 9 138 11 14 15 5778 21 27 796 933 37 1318 168 3881 41 2987 1966 303 2478 1209 2498 199 7497 75 5197 351 96 97 1121 116 117 120
87 1 4 7 138 141 13 399 20 21 24 30 2334 165 549 1958 936 41 3499 3249 50 71 73 715 475 4964 364 113 3059 8948 884 121 8444
88 772 3977 8461 13 280 25 412 30 287 161 38 1462 322 452 3022 9040 211 92 353 7266 610 98 4090 3814 4329 250 238 1776 4465 501 2295 3194 124
89 0 1 2 3 4 5 769 6 9 137 2060 16 21 23 8601 1311 31 34 167 41 54 2878 3774 65 323 9547 75 203 725 1495 218 6238 867 110 111 1011 125
90 6 1927 8 139 1804 13 908 20 27 284 29 32 161 33 34 170 426 44 3244 46 177 4023 61 193 1729 3066 455 209 3794 466 90 1119 5221 490 1263 2291 1909 1016 378
91 133 1287 8585 1932 654 2452 534 30 35 419 1066 948 438 59 445 1474 1091 68 3909 66 970 843 207 210 1746 739 228 4581 869 103 104 881 6005 1142 121 122
92 0 1 2 3 4227 4 6 7 5 1283 138 11 18 281 25 34 49 180 52 186 709 4040 81 6614 1368 104 3053 1263 8949 505 251
93 0 1 2 3 4 6 8 1290 15 1168 17 19 148 406 5526 26 1948 1438 158 2979 676 35 3110 1959 49 53 55 9798 712 1481 206 9562 233 105 107 1005 3324
94 645 262 7 8 10 17 402 148 277 23 155 29 161 37 43 3244 47 2610 52 309 436 5819 830 835 67 1865 332 76 722 82 83 982 97 98 1506 102 104 121 127
95 0 1 2 4 5 7 9 10 138 13 16 18 3476 405 22 23 20 26 412 284 2848 1313 168 5554 52 54 316 5442 2114 68 2631 77 725 87 2521 3679 103 2025 1790
96 2 3 2818 6 8 138 11 9357 143 17 153 1435 29 1310 1951 2212 37 6438 428 180 948 183 59 187 448 323 68 197 1099 6243 5479 360 109 115 382
97 0 2 3 4 6 519 9 10 13 14 658 29 413 670 31 34 565 310 61 960 1478 1992 4301 79 212 86 99 3940 5091 1258 1002 373
98 0 1 2 3 5 262 1671 9 651 12 13 11 15 4370 22 663 8088 3097 284 2591 1958 40 42 46 48 179 439 452 3016 205 1487 84 859 2665 106 112
99 0 2 3 4 5 6 134 9 138 2955 8076 15 5021 29 3618 35 39 1320 172 6705 53 3768 1989 70 4683 216 354 238 5359 4474 1902 117 1530 4604
